21533900	0.0247113	1.5321	10.0822	0.0332443	0.144485	-0.132977	3103400	0.634745	2.22293	0	0.01852
21534030	-0.469514	1.0873	10.5023	0.00127863	0.0831108	-0.0089504	3103600	0.634745	2.22293	0	0.03704
21534232	-0.296535	1.06259	10.1316	0.0306871	0.0511451	0.0600955	3103800	0.634745	2.22293	0	0.0926
21534429	0.247113	1.48268	10.5517	0.00127863	-0.0524238	0.0626528	3104000	0.634745	2.22293	0	0.03704
21534625	-0.271824	0.96374	9.53856	0.12147	0.189237	-0.109962	3104200	0.634745	2.22293	0	0.07408
21534836	-0.123556	0.889606	10.7	-0.0588169	-0.225039	-0.0524238	3104400	0.634745	2.22293	0	0.11112
21535027	-0.0988452	1.01316	11.3425	-0.310707	-0.0089504	-0.204581	3104600	0.634745	2.22293	0	0.12964
21535226	-0.222402	2.81709	9.71154	0.0230153	-0.0524238	-0.331165	3104800	0.634745	2.22293	0	0.12964
21535438	-0.518937	1.45797	9.66211	0.0217367	0.0741604	-0.0306871	3105000	0.634745	2.22293	0	0.12964
21535638	-0.642494	0.667205	11.3919	-0.207138	0.228874	0.236546	3105200	0.634745	2.22293	0	0.20372
21535831	-0.420092	2.27344	10.0328	-0.277462	0.175172	0.0971757	3105400	0.634745	2.22293	0	0.22224
21536028	-0.444803	0.889606	9.36558	0.0613742	-0.196909	-0.0127863	3105600	0.634745	2.22293	0	0.14816
21536229	-0.172979	1.45797	10.6011	-0.159829	-0.162386	-0.132977	3105800	0.634745	2.22293	0	0.14816
21536431	-0.345958	2.64411	8.87135	0.421947	-0.190516	-0.184122	3106000	0.634745	2.22293	0	0.14816
21536641	-0.395381	1.0873	9.26673	0	-0.219924	-0.0882253	3106200	0.634745	2.22293	0	0.12964
21536841	-0.0494226	0.741339	11.639	0.00511451	0.155993	0.182844	3106400	0.634745	2.22293	0	0.20372
21537027	0.667205	2.64411	10.0328	0.172615	0.424505	0.292806	3106600	0.634745	2.22293	0	0.22224
21537227	-0.0247113	0.76605	8.99491	-0.189237	0.0537024	-0.00127863	3106800	0.634745	2.22293	0	0.463
21537440	-0.345958	0.96374	10.8235	-0.25189	-0.0166222	-0.175172	3107000	0.634745	2.22293	0	0.42596
21537629	-0.840184	2.59469	9.93394	0.420669	0.154714	-0.10229	3107200	0.634745	2.22293	0	0.25928
21537840	-0.914318	0.691916	8.7478	-0.296642	-0.368245	0.126584	3107400	0.634745	2.22293	0	0.38892
21538036	-0.56836	1.70508	12.0591	-0.433455	0.253168	0.545974	3107600	0.634745	2.22293	0	0.35188
21538227	0.691916	3.26189	8.72308	-0.373359	0.0843895	-0.0204581	3107800	0.634745	2.22293	0	0.35188
21538441	-0.247113	0.939029	9.415	0.218645	0.0332443	0.111241	3108000	0.634745	2.22293	0	0.25928
21538639	-0.123556	2.37228	11.9108	-0.402768	-0.099733	-0.32605	3108200	0.634745	2.22293	0	0.29632
21538838	-0.19769	3.21247	9.48913	-0.0179008	-0.25189	-0.0281298	3108400	0.634745	2.22293	0	0.31484
21539027	-0.469514	1.23556	9.93394	0.12147	0.113798	0.189237	3108600	0.634745	2.22293	0	0.20372
21539230	-0.494226	1.0873	12.2568	-0.638035	0.19563	-0.0294084	3108800	0.634745	2.22293	0	0.22224
21539427	0.76605	2.81709	9.31616	-0.0242939	0.0933399	0.180287	3109000	0.634745	2.22293	0	0.1852
21539627	0.469514	1.60623	9.39029	0.0217367	0.06521	-0.00511451	3109200	0.634745	2.22293	0	0.1852
21539826	-0.395381	3.23718	12.3062	-0.350344	0.15855	-0.199466	3109400	0.634745	2.22293	0	0.20372
21540027	-0.271824	1.7545	9.34087	0.0473092	-0.32605	0.00767177	3109600	0.634745	2.22293	0	0.1852
21540224	-0.19769	1.50739	9.95865	-0.0498665	0.0690459	0.0089504	3109800	0.634745	2.22293	0	0.1852
21540427	0.815473	3.65727	11.8614	0.424505	0.113798	0.161107	3110000	0.634745	2.22293	0	0.5556
21540626	0.444803	2.29815	9.24202	0.19563	-0.0792749	0.0907826	3110200	0.634745	2.22293	0	0.85192
21540825	0.222402	1.95219	9.76096	-0.0664887	0.0281298	-0.089504	3110400	0.634745	2.22293	0	1.1112
21541026	0.172979	3.7314	11.3178	0.583054	0.0562596	-0.0958971	3110600	0.634745	2.22293	0	1.2038
21541226	-0.247113	1.33441	8.82193	0.0984544	-0.255726	0.044752	3110800	0.634745	2.22293	0	1.90756
21541429	-0.172979	1.5321	10.7	-0.131699	0.126584	0.0613742	3111000	0.634745	2.22293	0	2.5928
21541629	0.691916	4.1515	9.95865	0.735211	-0.118912	0.255726	3111200	0.634745	2.22293	0	2.64836
21541828	-0.172979	1.23556	8.9702	-0.044752	0.233989	-0.0217367	3111400	0.634745	2.22293	0	2.74096
21542027	-0.148268	1.58152	10.8235	-0.0332443	-0.00255726	-0.212252	3111600	0.634745	2.22293	0	3.72252
21542227	-0.0494226	2.05104	9.34087	0.258283	-0.199466	-0.044752	3111800	0.634745	2.22293	0	3.00024
21542431	-0.172979	1.55681	8.84664	-0.0294084	-0.136813	0.0281298	3112000	0.634745	2.22293	0	3.704
21542628	-0.56836	1.28499	11.3672	0.0115077	0.150878	0.131699	3112200	0.634745	2.22293	0	4.61148
21542829	0.370669	2.64411	9.88452	0.0818322	0.111241	0.044752	3112400	0.634745	2.22293	0	4.01884
21543037	0.148268	1.33441	9.01962	-0.0473092	0.221203	-0.0690459	3112600	0.634745	2.22293	0	4.05588
21543228	-0.543648	2.12517	11.7873	-0.18668	-0.1496	-0.190516	3112800	0.634745	2.22293	0	4.11144
21543432	-0.518937	2.94064	9.53856	-0.439848	0.00767177	-0.309428	3113000	0.634745	2.22293	0	3.75956
21543631	-0.19769	1.13672	9.31616	0.0166222	-0.113798	0.0358016	3113200	0.634745	2.22293	0	4.63
21543829	0.420092	2.52055	12.3062	0.0332443	0.196909	0.355459	3113400	0.634745	2.22293	0	5.2782
21544039	0.469514	2.22402	9.34087	0.0485879	-0.044752	0.202023	3113800	0.634745	2.22293	0	4.61148
21544431	-0.321247	3.16304	12.2074	0.103569	0.0421947	-0.193073	3114000	0.634745	2.22293	0	3.81512
21544629	0.123556	0.840184	8.47597	0.231432	-0.402768	0.0984544	3114200	0.634745	2.22293	0	3.8892
21544827	-0.0494226	1.13672	10.7494	-0.0869467	0.168779	0.0677673	3114400	0.634745	2.22293	0	5.13004
21545028	0.543648	3.38545	11.1201	0.860517	-0.0792749	0.170058	3114600	0.634745	2.22293	0	4.24108
21545227	-0.0741339	1.33441	8.59953	-0.177729	0.138092	-0.0920612	3114800	0.634745	2.22293	0	3.62992
21545430	0.123556	2.1993	10.7247	-0.322214	-0.0153435	-0.273626	3115000	0.634745	2.22293	0	4.46332
21545638	-0.271824	3.0642	9.58798	-0.303035	-0.0140649	-0.292806	3115200	0.634745	2.22293	0	3.46324
21545826	0.0247113	1.26028	9.26673	-0.00767177	-0.135535	0.0179008	3115400	0.634745	2.22293	0	4.5374
21546036	-0.0247113	1.13672	11.7379	-0.126584	0.242939	0.19563	3115600	0.634745	2.22293	0	4.5374
21546235	0.914318	2.86651	9.66211	-0.274905	0.0255726	0.138092	3115800	0.634744	2.22293	0	3.50028
21546430	0.19769	1.11201	9.24202	-0.00383588	0.0831108	0.0537024	3116000	0.634744	2.22293	0	4.22256
21546628	-0.321247	2.59469	12.7263	-0.0562596	0.182844	-0.19563	3116200	0.634744	2.22293	0	4.09292
21546826	-0.123556	1.87806	9.21731	-0.194351	-0.3171	-0.00383588	3116400	0.634744	2.22293	0	3.46324
21547027	-0.247113	1.55681	10.5764	-0.0767177	0.162386	0.044752	3116600	0.634744	2.22293	0	4.20404
21547226	0.939029	3.92909	11.3178	0.556203	0.00639314	0.335001	3116800	0.634744	2.22293	0	3.48176
21547429	-0.0741339	0.889606	8.42655	0.0268512	0.140649	-0.0127863	3117000	0.634744	2.22293	0	3.44472
21547626	0.172979	1.35912	10.2552	-0.182844	0.0153435	-0.0754391	3117200	0.634744	2.22293	0	4.18552
21547827	0.0494226	2.49584	9.78567	0.464142	-0.099733	0.0664887	3117400	0.634744	2.22293	0	3.16692
21548026	-0.123556	0.96374	9.1926	0.0140649	-0.221203	-0.0562596	3117600	0.634744	2.22293	0	3.27804
21548227	-0.56836	1.26028	10.9471	-0.0677673	0.255726	0.0383588	3117800	0.634744	2.22293	0	4.03736
21548430	0.148268	2.29815	9.83509	0.0511451	0.177729	0.0741604	3118000	0.634744	2.22293	0	3.00024
21548627	-0.395381	1.01316	9.34087	-0.168779	0.154714	-0.200745	3118200	0.634744	2.22293	0	3.48176
21548826	-0.0988452	1.50739	10.7741	-0.127863	-0.0690459	-0.269791	3118400	0.634744	2.22293	0	4.167
21549025	-0.642494	1.95219	9.51385	0.134256	0.0421947	-0.144485	3118600	0.634744	2.22293	0	2.8706
21549226	-0.0741339	0.691916	9.34087	-0.0498665	-0.305592	-0.0588169	3118800	0.634744	2.22293	0	3.18544
21549431	-0.543648	1.21085	11.5402	-0.101012	0.198187	0.0779963	3119000	0.634744	2.22293	0	3.6114
21549627	0.420092	2.42171	9.83509	-0.267233	0.132977	-0.00767177	3119200	0.634744	2.22293	0	2.5928
21549826	0	0.667205	8.92078	-0.0856681	0.127863	-0.236546	3119400	0.634744	2.22293	0	2.72244
21550026	-0.593071	1.18614	11.2931	-0.13042	-0.0907826	-0.427062	3119600	0.634744	2.22293	0	3.40768
21550227	-0.444803	2.8418	9.81038	-0.414276	-0.136813	-0.585612	3119800	0.634744	2.22293	0	2.44464
21550429	-0.469514	1.40854	9.29144	-0.104848	-0.122748	-0.574104	3120000	0.634744	2.22293	0	2.53724
21550637	-0.864895	0.691916	11.2931	-0.143206	-0.0294084	-0.576661	3120200	0.634744	2.22293	0	3.37064
21550826	0	2.14988	9.68683	-0.129141	-0.111241	-0.616299	3120400	0.634744	2.22293	0	2.92616
21551027	-0.148268	0.96374	9.39029	-0.0933399	0.0792749	-1.12136	3120600	0.634744	2.22293	0	2.79652
21551227	0.0247113	1.16143	10.7494	0.0664887	-0.233989	-1.33361	3120800	0.634744	2.22293	0	2.72244
21551430	0.0988452	2.8418	10.9718	0.698131	-0.303035	-1.1968	3121000	0.634744	2.22293	0	2.6854
21551627	-0.123556	1.21085	9.16789	0.209695	-0.194351	-0.588169	3121200	0.634744	2.22293	0	0.31484
21551829	-0.518937	0.667205	10.4529	-0.347787	0.0626528	-0.265955	3121400	0.634744	2.22293	0	1.22232
21552033	0.518937	3.01478	12.1332	0.166222	-0.0818322	-0.00767177	3121600	0.634744	2.22293	0	1.53716
21552235	0.494226	1.68037	9.36558	0.161107	0.0421947	0.0434734	3121800	0.634744	2.22293	0	2.18536
21552436	0.148268	0.889606	10.1811	0.0741604	0.1496	-0.0383588	3122000	0.634744	2.22293	0	2.61132
21552633	-1.0873	2.99007	11.8367	0.253168	-0.212252	-0.152157	3122200	0.634744	2.22293	0	3.37064
21552833	-0.19769	0.939029	8.47597	-0.0383588	-0.132977	0.0664887	3122400	0.634744	2.22293	0	3.25952
21553043	-0.939029	1.11201	11.5402	0.00511451	0.258283	0.0230153	3122600	0.634744	2.22294	0	3.22248
21553233	-0.19769	2.59469	9.95865	0.626528	-0.0460306	0.113798	3122800	0.634744	2.22294	0	3.68548
21553436	-0.0247113	1.70508	9.51385	-0.246775	-0.0204581	-0.0639314	3123000	0.634744	2.22294	0	3.31508
21553643	-0.0741339	2.32286	11.1201	0.189237	-0.0664887	-0.159829	3123200	0.634744	2.22294	0	3.29656
21553833	-0.345958	1.77921	10.0081	0.225039	-0.0754391	-0.181565	3123400	0.634744	2.22294	0	3.92624
21554043	0	1.38383	8.92078	-0.184122	-0.132977	0.054981	3123600	0.634744	2.22294	0	3.83364
21554243	-0.296535	0.96374	11.5155	-0.18668	0.205859	0.245497	3123800	0.634744	2.22294	0	3.77808
21554436	0.395381	2.24873	9.56327	-0.239103	0.15855	0.144485	3124000	0.634744	2.22294	0	4.18552
21554633	0.395381	1.11201	9.11847	-0.210974	0.13042	-0.0140649	3124200	0.634744	2.22294	0	3.55584
21554843	-0.395381	2.37228	12.4298	-0.378474	-0.0166222	-0.281298	3124400	0.634744	2.22294	0	3.64844
21555033	-0.518937	2.71824	8.77251	-0.145764	-0.196909	-0.0370802	3124600	0.634744	2.22294	0	3.72252
21555234	-0.296535	0.543648	9.53856	-0.0127863	-0.00255726	-0.104848	3124800	0.634744	2.22294	0	3.37064
21555437	0.840184	2.02633	12.8499	-0.26084	0.0907826	0.219924	3125000	0.634744	2.22294	0	3.9818
21555632	0.469514	1.90277	8.87135	0.306871	0.034523	0.1496	3125200	0.634744	2.22294	0	3.90772
21555832	-0.271824	1.23556	9.81038	-0.0306871	0.0153435	-0.0537024	3125400	0.634744	2.22294	0	3.44472
21556033	-0.469514	3.70669	12.3804	0.551089	-0.0843895	-0.0767177	3125600	0.634744	2.22294	0	4.33368
21556232	-0.395381	0.469514	8.27828	-0.148321	-0.28002	0.0575383	3125800	0.634744	2.22294	0	3.90772
21556437	-0.0741339	1.21085	11.5649	-0.166222	0.190516	0.125306	3126000	0.634744	2.22294	0	3.83364
21556636	0.518937	1.60623	9.16789	0.489715	-0.0639314	0.342672	3126200	0.634744	2.22294	0	4.50036
21556836	-0.172979	0.741339	8.17944	-0.06521	0.0575383	-0.18668	3126400	0.634744	2.22294	0	3.68548
21557047	0.271824	2.07575	11.6143	0.117634	-0.0537024	-0.162386	3126600	0.634744	2.22294	0	3.6114
21557235	-0.370669	3.16304	9.46442	0.0639314	0.101012	-0.134256	3126800	0.634744	2.22294	0	4.12996
21557446	-0.593071	1.45797	9.51385	-0.278741	-0.144485	-0.00255726	3127000	0.634744	2.22294	0	3.72252
21557635	0.0741339	1.87806	11.5155	-0.45647	0.124027	0.283855	3127200	0.634744	2.22294	0	3.85216
21557834	0.667205	2.99007	8.57482	0.241661	-0.010229	0.203302	3127400	0.634744	2.22294	0	3.90772
21558044	0.345958	1.43325	9.81038	0.0166222	0.162386	-0.0626528	3127600	0.634744	2.22294	0	3.77808
21558232	0	3.53371	12.7757	0.0485879	-0.0716032	-0.253168	3127800	0.634744	2.22294	0	4.12996
21558434	-0.345958	1.65566	8.59953	-0.0166222	-0.335001	0.0600955	3128000	0.634745	2.22294	0	4.01884
21558633	-0.296535	0.790761	10.0822	-0.111241	0.181565	0.0140649	3128200	0.634745	2.22294	0	3.38916
21558843	0.939029	3.63256	11.6884	0.716032	-0.120191	0.193073	3128400	0.634745	2.22294	0	4.22256
21559044	-0.123556	1.23556	8.59953	0.0831108	0.233989	-0.0166222	3128600	0.634745	2.22294	0	3.72252
21559233	0.19769	1.90277	10.9224	0.0268512	-0.06521	-0.122748	3128800	0.634745	2.22294	0	3.64844
21559433	-0.494226	2.6194	10.527	0.618856	-0.0281298	0.0358016	3129000	0.634745	2.22294	0	4.33368
21559634	-0.222402	0.271824	8.30299	-0.269791	-0.273626	0.0294084	3129200	0.634745	2.22294	0	3.74104
21559833	-0.148268	1.70508	11.1942	-0.089504	0.200745	0.21481	3129400	0.634745	2.22294	0	3.77808
21560034	0.667205	1.95219	9.56327	0.147042	0.324772	0.219924	3129600	0.634745	2.22294	0	4.83372
21560233	-0.247113	0.444803	8.55011	-0.212252	0.154714	-0.200745	3129800	0.634745	2.22294	0	3.74104
21560434	0.0988452	2.14988	12.4792	0.0869467	-0.0856681	-0.171336	3130000	0.634745	2.22294	0	4.03736
21560633	-0.444803	3.21247	9.73625	-0.451356	0.0613742	-0.21481	3130200	0.634745	2.22294	0	4.167
21560829	-0.321247	0.741339	8.94549	-0.0690459	-0.171336	0.06521	3130400	0.634745	2.22294	0	4.0744
21561026	0.172979	0.96374	12.4792	-0.210974	0.230153	0.246775	3130600	0.634745	2.22294	0	4.14848
21561228	0.914318	2.66882	9.43971	0.207138	-0.0588169	0.303035	3130800	0.634745	2.22294	0	4.18552
21561430	-0.172979	1.18614	9.01962	0.0268512	0.0383588	0.13042	3131000	0.634745	2.22294	0	4.20404
21561628	-0.469514	3.36074	12.8746	-0.118912	0.0370802	-0.310707	3131200	0.634745	2.22294	0	4.77816
21561826	0.0247113	1.45797	8.3277	0.0140649	-0.281298	-0.0485879	3131400	0.634745	2.22294	0	4.70408
21562040	-0.19769	1.60623	11.3919	-0.0242939	0.0958971	0.0268512	3131600	0.634745	2.22294	0	3.7966
21562228	0.617782	3.2866	10.8235	0.911662	-0.0716032	0.191794	3131800	0.634745	2.22294	0	5.11152
21562434	-0.148268	0.469514	7.83348	-0.262119	0.352901	-0.0728818	3132000	0.634745	2.22294	0	4.2596
21562630	0.0988452	2.54526	11.9603	-0.0524238	-0.228874	-0.175172	3132200	0.634745	2.22294	0	4.18552
21562830	-0.667205	4.67043	10.1069	-0.510173	-0.0473092	-0.352901	3132400	0.634745	2.22294	0	4.94484
21563044	-0.469514	0.914318	8.37713	-0.22376	-0.0779963	0	3132600	0.634745	2.22294	0	3.83364
21563234	-0.123556	2.94064	12.9734	0.163664	0.246775	0.235268	3132800	0.634745	2.22294	0	4.74112
21563437	0.222402	2.99007	8.9702	0.291527	-0.0127863	0.253168	3133000	0.634745	2.22294	0	4.29664
21563637	0.0741339	2.00161	8.62424	0.0242939	0.00767177	0.0958971	3133200	0.634745	2.22294	0	3.81512
21563834	-0.0741339	2.91593	13.5171	-0.136813	0.342672	-0.13042	3133400	0.634745	2.22294	0	4.77816
21564031	0.0988452	2.44642	9.43971	-0.327329	-0.489715	0.0153435	3133600	0.634745	2.22294	0	4.83372
21564230	-0.296535	1.28499	8.72308	-0.0332443	-0.144485	0.0268512	3133800	0.634745	2.22294	0	4.24108
21564446	0.0988452	3.23718	12.7016	0.372081	0.29792	0.109962	3134000	0.634745	2.22294	0	5.31524
21564630	0.494226	3.65727	9.6374	0.217367	-0.13042	0.115077	3134200	0.634745	2.22294	0	5.20412
21564828	0.444803	1.26028	7.78406	-0.189237	0.205859	-0.00255726	3134400	0.634745	2.22294	0	4.77816
21565043	-0.56836	2.94064	12.4051	0.034523	-0.218645	-0.299199	3134600	0.634745	2.22294	0	4.92632
21565232	0.123556	2.6194	9.78567	-0.461585	0.0562596	-0.044752	3134800	0.634745	2.22294	0	4.46332
21565432	-0.395381	1.43325	8.17944	-0.0639314	-0.0498665	0.044752	3135000	0.634745	2.22294	0	3.75956
21565631	0.0988452	2.14988	12.2568	-0.32605	0.305592	0.205859	3135200	0.634745	2.22294	0	5.0004
21565832	0.271824	2.99007	9.36558	0.494829	0.0127863	0.181565	3135400	0.634745	2.22294	0	4.20404
21566028	-0.247113	1.80392	8.7478	0.0140649	0.0281298	-0.0920612	3135600	0.634745	2.22294	0	4.18552
21566229	-1.11201	3.21247	13.2947	-0.21481	0.196909	-0.337558	3135800	0.634745	2.22294	0	4.55592
21566433	-0.716627	1.60623	8.3277	0.0230153	-0.439848	0.101012	3136000	0.634745	2.22294	0	4.14848
21566629	-0.469514	1.35912	10.6506	-0.107405	0.107405	0.0485879	3136200	0.634745	2.22294	0	3.7966
21566829	0.19769	3.38545	11.1448	0.817043	-0.118912	0.221203	3136400	0.634745	2.22294	0	4.5374
21567028	-0.321247	1.5321	8.13001	-0.276184	0.191794	-0.205859	3136600	0.634745	2.22294	0	3.48176
21567227	-0.96374	3.11362	10.6506	-0.00255726	-0.190516	-0.767177	3136800	0.634745	2.22294	0	3.83364
21567432	-1.18614	3.58314	9.09375	0.258283	-0.304314	-0.735211	3137000	0.634745	2.22294	0	3.77808
21567629	-1.01316	2.29815	8.59953	-0.191794	-0.480764	-0.800421	3137200	0.634745	2.22294	0	3.38916
21567828	-0.716627	2.07575	11.3425	-0.1496	-0.103569	-0.776127	3137400	0.634746	2.22294	0	2.90764
21568029	0.247113	3.60785	10.6506	-0.61502	-0.0639314	-0.952578	3137600	0.634746	2.22294	0	2.81504
21568227	0.494226	0.889606	8.25357	-0.300478	0.0217367	-0.999887	3137800	0.634746	2.22294	0	2.6854
21568433	-0.0247113	1.68037	12.158	-0.0434734	-0.233989	-1.09195	3138000	0.634746	2.22294	0	1.90756
21568628	-0.815473	3.16304	9.39029	-0.320936	-0.217367	-1.07149	3138200	0.634746	2.22294	0	2.79652
21568833	-0.296535	1.18614	8.87135	-0.0396375	-0.13042	-0.50378	3138400	0.634746	2.22294	0	2.20388
21569034	-0.296535	1.0873	12.3556	-0.0396375	0.122748	0.144485	3138600	0.634746	2.22294	0	3.16692
21569237	0.593071	3.68198	9.415	-0.310707	0.129141	0.0984544	3138800	0.634746	2.22294	0	3.94476
21569437	-0.271824	0.864895	8.64895	-0.0779963	0.208416	-0.0294084	3139000	0.634746	2.22294	0	3.62992
21569633	-0.939029	2.32286	12.9487	-0.50378	-0.0473092	-0.35418	3139200	0.634746	2.22294	0	3.74104
21569834	-0.815473	2.74295	9.21731	-0.0805536	-0.207138	-0.122748	3139400	0.634746	2.22294	0	4.05588
21570034	-0.321247	0.444803	9.21731	0.0946185	-0.0204581	0.0473092	3139600	0.634746	2.22294	0	3.3336
21570234	0.271824	4.29976	12.6275	0.295363	0.00511451	0.182844	3139800	0.634746	2.22294	0	4.05588
21570437	0.0494226	2.29815	8.87135	-0.0575383	0.120191	0.111241	3140000	0.634746	2.22294	0	4.09292
21570634	-0.148268	2.397	10.3293	-0.0792749	-0.0716032	-0.138092	3140200	0.634746	2.22294	0	3.53732
21570832	-0.444803	3.31131	10.4529	0.701967	0.0319657	-0.0294084	3140400	0.634746	2.22294	0	3.90772
21571029	-0.271824	0.76605	8.57482	0.222481	-0.304314	-0.0639314	3140600	0.634746	2.22294	0	3.53732
21571230	-0.345958	2.1993	11.2683	-0.147042	0.163664	0.0728818	3140800	0.634746	2.22294	0	3.59288
21571435	0.815473	2.79238	9.1926	0.0690459	0.10229	0.218645	3141000	0.634746	2.22294	0	4.33368
21571647	-0.0247113	0.741339	8.77251	-0.120191	0.268512	-0.101012	3141200	0.634746	2.22294	0	3.74104
21571835	-0.321247	2.22402	12.4545	-0.300478	-0.109962	-0.253168	3141400	0.634746	2.22294	0	3.85216
21572033	-0.518937	3.03949	9.66211	-0.190516	-0.0703246	-0.141928	3141600	0.634746	2.22294	0	3.92624
21572233	-0.56836	0.96374	9.39029	0.0792749	-0.00383588	0.0383588	3141800	0.634746	2.22294	0	3.94476
21572436	0.469514	2.56997	13.3194	-0.241661	0.28002	0.141928	3142000	0.634746	2.22294	0	4.57444
21572631	0.56836	1.5321	9.66211	0.0690459	0.0869467	0.0958971	3142200	0.634746	2.22294	0	4.48184
21572832	-0.0494226	1.48268	9.36558	-0.249333	-0.0792749	-0.0396375	3142400	0.634746	2.22294	0	4.0744
21573034	-0.370669	2.66882	9.46442	1.03057	0.176451	0.099733	3142600	0.634746	2.22294	0	4.59296
21573234	-0.0494226	1.06259	8.84664	-0.257004	-0.319657	0.0153435	3142800	0.634746	2.22294	0	4.01884
21573436	0.19769	2.05104	11.4907	-0.196909	0.0792749	0.175172	3143000	0.634746	2.22294	0	4.11144
21573643	1.50739	3.95381	9.46442	-0.0933399	0.272348	0.28897	3143200	0.634746	2.22294	0	4.94484
21573833	0.0494226	1.01316	8.13001	-0.341394	0.240382	-0.0396375	3143400	0.634746	2.22294	0	4.11144
21574033	-0.123556	2.74295	12.9981	-0.239103	-0.0179008	-0.32605	3143600	0.634746	2.22294	0	4.61148
21574233	-0.889606	2.79238	8.62424	0.101012	-0.28002	-0.089504	3143800	0.634746	2.22294	0	4.55592
21574435	-0.247113	1.48268	9.66211	-0.222481	-0.0933399	0.0498665	3144000	0.634746	2.22294	0	4.55592
21574637	0.444803	4.17621	11.3425	0.909105	0.108683	0.242939	3144200	0.634746	2.22294	0	4.94484
21574826	0.172979	2.10046	8.55011	0.0421947	0.117634	0.111241	3144400	0.634746	2.22294	0	4.2596
21575026	0	2.24873	10.7	-0.0537024	-0.0524238	-0.118912	3144600	0.634747	2.22294	0	3.8892
21575226	-0.0988452	2.91593	9.90923	0.534467	-0.0588169	0.0127863	3144800	0.634747	2.22294	0	4.29664
21575432	-0.0741339	1.28499	8.45126	-0.205859	-0.10229	0	3145000	0.634747	2.22294	0	3.62992
21575627	0.0741339	2.05104	11.4907	-0.0396375	0.0319657	0.155993	3145200	0.634747	2.22294	0	4.18552
21575829	0.691916	3.18776	9.66211	-0.250611	-0.0217367	-0.00255726	3145400	0.634747	2.22294	0	4.27812
21576028	-0.123556	1.3097	8.30299	-0.0856681	0.340115	-0.0511451	3145600	0.634747	2.22294	0	3.66696
21576227	-0.172979	2.10046	12.8499	-0.347787	0.06521	-0.265955	3145800	0.634747	2.22294	0	4.24108
21576432	-0.914318	2.54526	8.52539	-0.00383588	-0.242939	-0.0728818	3146000	0.634747	2.22294	0	4.29664
21576638	-0.716627	1.43325	10.6506	0.116355	0.00511451	-0.00383588	3146200	0.634747	2.22294	0	3.5188
21576831	0.19769	4.91755	12.1332	0.22376	0.162386	0.13042	3146400	0.634747	2.22294	0	5.093
21577028	-0.247113	1.68037	8.42655	-0.0166222	0.242939	-0.104848	3146600	0.634747	2.22294	0	4.2596
21577229	0.0988452	2.89122	10.9471	-0.0946185	-0.375917	-0.181565	3146800	0.634747	2.22294	0	3.87068
21577432	-0.840184	3.97852	9.56327	-0.13042	0.044752	-0.295363	3147000	0.634747	2.22294	0	4.94484
21577630	-0.345958	1.28499	8.22886	-0.281298	-0.239103	0.0537024	3147200	0.634747	2.22294	0	3.85216
21577832	-0.345958	1.58152	12.4298	-0.379753	0.170058	0.237825	3147400	0.634747	2.22294	0	3.96328
21578030	1.5321	4.29976	9.90923	-0.0473092	0	0.244218	3147600	0.634747	2.22294	0	5.0004
21578230	0.271824	1.55681	8.42655	-0.150878	0.132977	-0.0319657	3147800	0.634747	2.22294	0	3.5188
21578432	-0.123556	3.55843	12.2321	-0.272348	0.176451	-0.336279	3148000	0.634747	2.22294	0	4.64852
21578631	-0.494226	1.95219	8.50068	0.0191794	-0.196909	-0.0703246	3148200	0.634747	2.22294	0	3.92624
21578830	-0.0494226	1.9769	10.4282	-0.117634	0.120191	-0.112519	3148400	0.634747	2.22294	0	4.05588
21579029	0.469514	4.02794	10.6011	0.776127	0.13937	0.138092	3148600	0.634747	2.22294	0	5.13004
21579238	-0.172979	1.13672	7.95703	-0.309428	0.311985	-0.089504	3148800	0.634747	2.22294	0	3.94476
21579433	-0.0247113	2.94064	10.9471	-0.118912	-0.154714	-0.112519	3149000	0.634747	2.22294	0	4.01884
21579627	-0.691916	4.54688	9.78567	-0.198187	0.0664887	-0.245497	3149200	0.634747	2.22294	0	4.9078
21579829	-0.518937	1.58152	9.1926	-0.296642	-0.162386	0.0268512	3149400	0.634747	2.22294	0	3.72252
21580026	-0.444803	2.17459	12.2321	-0.618856	0.29792	0.00639314	3149600	0.634747	2.22294	0	4.38924
21580229	0.815473	3.13833	8.55011	0.138092	0.089504	0.22376	3149800	0.634747	2.22294	0	4.42628
21580431	-0.19769	1.55681	9.31616	0.166222	0.0703246	0.0690459	3150000	0.634747	2.22294	0	3.7966
21580628	-0.247113	3.38545	12.8993	-0.0856681	0.0626528	-0.0396375	3150200	0.634747	2.22294	0	4.5374
21580827	-0.247113	1.80392	8.40184	0.099733	-0.320936	0.0843895	3150400	0.634747	2.22294	0	4.03736
21581027	-0.444803	1.43325	10.527	-0.221203	0.13042	0.0728818	3150600	0.634747	2.22294	0	3.3336
21581228	0.345958	3.23718	10.9471	1.01139	0.0690459	0.089504	3150800	0.634747	2.22294	0	4.46332
21581431	-0.0741339	1.55681	8.67366	-0.0690459	0.177729	-0.0779963	3151000	0.634748	2.22294	0	4.33368
21581640	0.321247	2.59469	11.5155	-0.0946185	-0.208416	-0.155993	3151200	0.634748	2.22294	0	3.57436
21581829	-0.864895	4.42332	9.29144	-0.0882253	0.0933399	-0.242939	3151400	0.634748	2.22294	0	4.0744
21582029	-0.543648	1.3097	8.82193	-0.358016	-0.230153	-0.0255726	3151600	0.634748	2.22294	0	3.4262
21582237	0.271824	2.07575	11.466	-0.0933399	0.194351	0.25189	3151800	0.634748	2.22294	0	4.12996
21582441	0.593071	4.12679	8.89606	-0.120191	0.0639314	0.441127	3152000	0.634748	2.22294	0	4.46332
21582628	-0.123556	1.63095	8.37713	-0.0690459	0.136813	-0.0179008	3152200	0.634748	2.22294	0	3.12988
21582828	-0.741339	2.64411	12.4545	-0.389982	0.0600955	-0.305592	3152400	0.634748	2.22294	0	3.83364
21583027	-0.716627	2.86651	8.55011	-0.122748	-0.310707	-0.194351	3152600	0.634748	2.22294	0	3.8892
21583229	-0.494226	1.55681	9.83509	0.00511451	-0.0575383	-0.161107	3152800	0.634748	2.22294	0	3.59288
21583438	0.370669	3.90438	12.5533	-0.0409161	0.241661	0.0358016	3153000	0.634748	2.22294	0	3.92624
21583636	-0.370669	2.42171	9.21731	0.359295	-0.170058	-0.1675	3153200	0.634748	2.22294	0	3.4262
21583831	-0.172979	2.44642	9.36558	0.213531	-0.346508	-0.570268	3153400	0.634748	2.22294	0	3.35212
21584032	-0.0988452	4.25034	11.2683	0.594562	-0.358016	-0.585612	3153600	0.634748	2.22294	0	3.35212
21584232	-0.741339	1.90277	8.40184	-0.0191794	-0.341394	-0.675116	3153800	0.634748	2.22294	0	3.22248
21584440	-0.617782	2.56997	10.7741	-0.341394	-0.196909	-0.641871	3154000	0.634748	2.22294	0	3.20396
21584639	0.469514	3.13833	9.58798	0.0485879	0.0946185	-0.795307	3154200	0.634748	2.22294	0	3.241
21584836	0.19769	1.9769	8.99491	-0.127863	-0.0358016	-0.833666	3154400	0.634748	2.22294	0	3.241
21585033	-0.321247	4.02794	11.3425	-0.0818322	-0.424505	-0.83878	3154600	0.634748	2.22294	0	3.75956
21585229	-0.939029	2.99007	8.7478	-0.0575383	-0.319657	-0.840059	3154800	0.634748	2.22294	0	2.92616
21585439	-0.543648	1.5321	9.06904	-0.140649	-0.257004	-0.662329	3155000	0.634748	2.22294	0	2.9632
21585635	-0.321247	2.22402	11.7379	-0.645707	-0.134256	-0.242939	3155200	0.634748	2.22294	0	4.63
21585834	0.914318	3.11362	9.09375	-0.143206	0.450077	-0.164943	3155400	0.634748	2.22294	0	4.51888
21586033	-0.345958	0.790761	8.7478	-0.0537024	0.145764	-0.249333	3155600	0.634748	2.22294	0	4.61148
21586235	0.0741339	3.01478	11.3425	-0.132977	0.00383588	-0.309428	3155800	0.634748	2.22294	0	6.25976
21586437	-0.444803	3.97852	10.0328	-0.22376	-0.0166222	-0.00127863	3156000	0.634748	2.22294	0	4.27812
21586638	-0.469514	1.60623	8.40184	0.0843895	-0.162386	0.176451	3156200	0.634748	2.22294	0	4.74112
21586839	-0.914318	1.43325	12.0838	0.0268512	0.0741604	0.0255726	3156400	0.634748	2.22294	0	5.07448
21587033	0.716627	3.65727	8.92078	-0.0779963	-0.0421947	-0.0179008	3156600	0.634748	2.22294	0	3.72252
21587230	-0.642494	1.06259	8.37713	-0.221203	0.386146	-0.329886	3156800	0.634748	2.22294	0	3.75956
21587437	0.172979	1.23556	11.2436	-0.228874	-0.38231	-0.118912	3157000	0.634748	2.22294	0	4.66704
21587633	-0.345958	5.80715	10.7	0.599677	-0.00383588	-0.0217367	3157200	0.634748	2.22294	0	4.57444
21587828	-0.345958	1.9769	8.20415	0.125306	-0.15855	0.157271	3157400	0.634748	2.22294	0	4.48184
21588039	-0.518937	3.45958	11.1448	-0.135535	-0.0332443	0.233989	3157600	0.634748	2.22294	0	5.22264
21588238	0.76605	4.22563	9.53856	0.222481	0.0396375	0.170058	3157800	0.634748	2.22294	0	3.81512
21588442	0.0741339	1.90277	8.35242	-0.1496	0.191794	-0.0767177	3158000	0.634748	2.22293	0	3.96328
21588629	-0.321247	2.64411	12.2568	-0.159829	-0.0907826	-0.212252	3158200	0.634748	2.22293	0	4.09292
21588830	0.148268	4.00323	9.29144	0.0613742	-0.108683	-0.0524238	3158400	0.634748	2.22293	0	3.38916
21589028	-0.395381	1.63095	9.56327	-0.0460306	-0.010229	0.0332443	3158600	0.634747	2.22293	0	5.093
21589228	0.543648	4.86812	11.5649	0.739047	-0.126584	0.15855	3158800	0.634747	2.22293	0	4.18552
21589433	0.0494226	2.37228	8.42655	-0.0664887	0.287691	-0.132977	3159000	0.634747	2.22293	0	3.66696
21589628	0.0988452	3.53371	10.7741	-0.0856681	-0.285134	-0.111241	3159200	0.634747	2.22293	0	4.5374
21589829	-0.667205	4.10207	8.94549	0.131699	-0.0741604	-0.170058	3159400	0.634747	2.22293	0	3.77808
21590028	-0.469514	1.70508	9.24202	-0.116355	-0.104848	-0.0933399	3159600	0.634747	2.22293	0	4.14848
21590228	0.19769	2.22402	11.7379	-0.409161	0.111241	0.236546	3159800	0.634747	2.22293	0	4.11144
21590432	1.16143	3.92909	9.06904	0.00383588	0.235268	0.314543	3160000	0.634747	2.22293	0	3.59288
21590628	-0.0741339	2.00161	8.47597	-0.0153435	0.089504	0.0460306	3160200	0.634747	2.22293	0	4.48184
21590827	0.0988452	3.53371	12.0097	0.28897	0.0281298	-0.15855	3160400	0.634747	2.22293	0	4.12996
21591027	-0.271824	1.7545	8.05588	-0.0115077	-0.207138	-0.0409161	3160600	0.634747	2.22293	0	3.66696
21591227	-0.988452	2.89122	11.0212	-0.0920612	-0.0434734	0.0537024	3160800	0.634747	2.22293	0	4.18552
21591431	0.741339	3.509	8.37713	0.83878	0.0421947	0.219924	3161000	0.634747	2.22293	0	3.66696
21591628	-0.19769	1.65566	7.98175	-0.0754391	0.300478	0.0575383	3161200	0.634747	2.22293	0	3.75956
21591828	-0.123556	3.18776	11.5649	-0.402768	-0.28002	-0.225039	3161400	0.634747	2.22293	0	4.11144
21592029	-0.345958	4.52217	8.87135	-0.446241	0.010229	-0.13937	3161600	0.634747	2.22293	0	3.11136
21592229	-0.148268	1.63095	9.58798	-0.00383588	-0.0843895	0.0306871	3161800	0.634747	2.22293	0	3.704
21592435	0.296535	3.26189	12.6028	-0.187958	0.230153	0.153435	3162000	0.634747	2.22293	0	3.64844
21592632	0.296535	3.11362	8.59953	0.161107	-0.117634	0.0664887	3162200	0.634747	2.22293	0	2.9632
21592842	0.370669	2.86651	9.14318	0.0920612	0.0716032	-0.0843895	3162400	0.634747	2.22293	0	3.90772
21593043	-0.271824	3.75612	10.2305	0.676394	-0.06521	0.189237	3162600	0.634747	2.22293	0	3.29656
21593239	-0.271824	2.05104	8.15473	-0.135535	-0.21481	0.0115077	3162800	0.634747	2.22293	0	3.31508
21593433	-0.172979	3.03949	10.6011	-0.135535	0.0460306	0.141928	3163000	0.634747	2.22293	0	3.64844
21593629	1.21085	4.00323	9.73625	-0.0984544	0.134256	-0.0127863	3163200	0.634747	2.22293	0	3.20396
21593829	0.19769	2.02633	8.1053	-0.177729	0.193073	-0.0204581	3163400	0.634747	2.22293	0	3.59288
21594030	-0.247113	3.87967	11.9356	-0.443684	-0.0575383	-0.205859	3163600	0.634747	2.22293	0	3.62992
21594228	0.172979	3.11362	8.3277	-0.103569	-0.191794	0.00639314	3163800	0.634747	2.22293	0	3.18544
21594432	-0.370669	2.32286	9.31616	-0.0383588	0.0588169	0.0319657	3164000	0.634747	2.22293	0	3.90772
21594627	0.222402	5.73302	11.8367	0.530631	0.136813	0.239103	3164200	0.634747	2.22293	0	3.4262
21594830	-0.222402	2.47113	8.59953	-0.0831108	0.10229	-0.0396375	3164400	0.634747	2.22293	0	3.11136
21595030	0.345958	3.33602	9.98336	-0.166222	-0.0805536	-0.0473092	3164600	0.634747	2.22293	0	3.74104
21595229	-0.420092	3.68198	9.1926	0.724982	0.129141	0.0294084	3164800	0.634747	2.22293	0	3.64844
21595433	-0.172979	1.63095	8.42655	-0.0792749	-0.308149	0.034523	3165000	0.634747	2.22293	0	3.68548
21595629	-0.148268	2.71824	10.9224	-0.255726	0.124027	0.187958	3165200	0.634747	2.22293	0	3.77808
21595829	1.21085	4.10207	9.71154	-0.233989	0.221203	-0.0127863	3165400	0.634747	2.22293	0	3.20396
21596033	0.345958	1.63095	8.17944	-0.286413	0.127863	-0.0588169	3165600	0.634747	2.22293	0	3.22248
21596231	0.19769	2.29815	12.0097	-0.147042	-0.0306871	-0.205859	3165800	0.634747	2.22293	0	3.704
21596436	-0.0741339	4.1515	9.78567	-0.239103	-0.0217367	-0.205859	3166000	0.634747	2.22293	0	2.72244
21596631	-0.123556	1.72979	9.14318	-0.127863	-0.104848	-0.00255726	3166200	0.634747	2.22293	0	2.85208
21596832	-0.0741339	1.7545	11.5649	-0.0281298	0.10229	0.101012	3166400	0.634747	2.22293	0	3.38916
21597031	0.939029	3.78083	9.1926	-0.06521	0.222481	0.191794	3166600	0.634747	2.22293	0	2.83356
21597229	-0.0247113	1.80392	8.84664	-0.301756	0.292806	-0.0511451	3166800	0.634747	2.22293	0	3.241
21597441	0.0494226	3.60785	12.2815	-0.152157	0.0396375	-0.118912	3167000	0.634747	2.22293	0	3.35212
21597628	-0.667205	3.70669	8.99491	-0.0562596	-0.194351	-0.150878	3167200	0.634747	2.22293	0	2.98172
21597828	-0.494226	2.12517	9.90923	-0.145764	-0.0779963	0.00127863	3167400	0.634747	2.22293	0	3.12988
21598029	0.271824	3.83025	11.9603	-0.479486	0.0626528	0.207138	3167600	0.634747	2.22293	0	3.16692
21598228	0.370669	2.96535	8.27828	0.0191794	0.0306871	0.099733	3167800	0.634747	2.22293	0	2.64836
21598434	0.247113	1.63095	9.6374	-0.0639314	0.0805536	0.0166222	3168000	0.634747	2.22293	0	3.55584
21598634	-0.172979	4.02794	12.158	0.528073	0.225039	-0.0588169	3168200	0.634747	2.22293	0	2.94468
21598833	-0.148268	2.10046	8.82193	0.0281298	-0.465421	0.148321	3168400	0.634747	2.22293	0	2.81504
21599034	-0.345958	1.80392	10.6506	-0.0524238	0.152157	-0.0294084	3168600	0.634747	2.22293	0	2.79652
21599231	0.593071	3.97852	11.985	0.494829	0.0383588	0.22376	3168800	0.634747	2.22293	0	2.37056
21599434	0.148268	1.68037	9.04433	0.301756	0.109962	0.00383588	3169000	0.634747	2.22293	0	2.0372
21599636	0.321247	1.72979	10.1316	0.0409161	-0.138092	-0.127863	3169200	0.634747	2.22293	0	2.4076
21599836	-0.0494226	3.80554	10.9965	0.499944	-0.0933399	-0.0754391	3169400	0.634747	2.22293	0	2.4076
21600042	-0.370669	1.5321	8.67366	-0.00639314	-0.19563	-0.116355	3169600	0.634747	2.22293	0	2.35204
21600232	-0.543648	2.397	10.2058	-0.0537024	0.054981	-0.0728818	3169800	0.634747	2.22293	0	2.64836
21600435	0.247113	3.03949	9.88452	0.595841	0.089504	0.0153435	3170000	0.634747	2.22293	0	2.315
21600631	-0.370669	2.54526	9.04433	-0.13937	0.0511451	-0.412997	3170200	0.634747	2.22293	0	1.42604
21600830	-0.222402	2.32286	10.1316	-0.0843895	-0.225039	-0.814486	3170400	0.634747	2.22293	0	1.5742
21601031	-0.0247113	3.18776	11.0459	-0.319657	-0.464142	-1.20447	3170600	0.634747	2.22293	0	1.53716
21601230	-0.76605	3.55843	9.16789	-0.116355	-0.38231	-1.24794	3170800	0.634747	2.22293	0	1.18528
21601444	-0.914318	3.08891	9.56327	0.0485879	-0.373359	-1.38859	3171000	0.634747	2.22293	0	1.2038
21601630	-0.247113	2.02633	10.9718	-0.0485879	-0.402768	-1.0651	3171200	0.634747	2.22293	0	1.2964
21601830	0.667205	3.0642	11.3919	0.116355	0.0319657	-0.672558	3171400	0.634747	2.22293	0	1.389
21602041	0.395381	0.914318	9.06904	-0.099733	-0.0818322	-0.563875	3171600	0.634747	2.22293	0	1.96312
21602227	0.395381	1.21085	10.1811	-0.103569	-0.115077	-0.333722	3171800	0.634747	2.22293	0	2.51872
21602432	-0.469514	3.75612	10.6753	0.396375	-0.0370802	-0.1496	3172000	0.634747	2.22293	0	2.57428
21602629	-0.222402	0.543648	8.00646	0.0971757	-0.164943	-0.0255726	3172200	0.634747	2.22293	0	3.29656
21602827	-0.716627	1.60623	11.2189	-0.118912	0.0306871	0.00767177	3172400	0.634747	2.22293	0	4.40776
21603036	0.0988452	3.01478	9.16789	0.955135	0.111241	0.248054	3172600	0.634747	2.22293	0	3.44472
21603226	-0.0494226	1.58152	9.16789	0.0971757	0.154714	-0.0537024	3172800	0.634747	2.22293	0	3.83364
21603429	0.271824	2.397	10.5764	-0.145764	-0.1675	-0.124027	3173000	0.634746	2.22293	0	3.96328
21603637	-0.543648	3.87967	8.7478	0.599677	-0.138092	0.113798	3173200	0.634746	2.22293	0	3.57436
21603825	-0.642494	1.40854	8.40184	-0.0613742	-0.0716032	0.00127863	3173400	0.634746	2.22293	0	3.6114
21604027	-0.518937	2.74295	10.8977	-0.0920612	0.00639314	0.112519	3173600	0.634746	2.22293	0	4.74112
21604226	0.321247	3.7314	8.69837	0.294084	-0.107405	0.191794	3173800	0.634746	2.22293	0	4.2596
21604429	-0.395381	0.889606	8.22886	-0.0600955	0.290249	-0.0716032	3174000	0.634746	2.22293	0	4.18552
21604626	-0.0741339	2.94064	11.3178	-0.147042	-0.106126	-0.134256	3174200	0.634746	2.22293	0	4.22256
21604826	-0.444803	3.83025	9.14318	0.122748	-0.0179008	-0.283855	3174400	0.634746	2.22293	0	3.44472
21605025	-0.296535	1.0873	9.39029	-0.19563	-0.182844	-0.111241	3174600	0.634746	2.22293	0	4.33368
21605227	0.96374	2.397	12.5039	-0.329886	0.259562	0.222481	3174800	0.634746	2.22293	0	4.4448
21605429	0.420092	3.23718	9.26673	0.124027	0.136813	0.107405	3175000	0.634746	2.22293	0	3.29656
21605626	0.0741339	1.92748	8.94549	-0.164943	-0.0946185	0.112519	3175200	0.634746	2.22293	0	4.7226
21605835	0.19769	4.54688	11.7379	0.25189	0.13042	-0.292806	3175400	0.634746	2.22293	0	3.64844
21606025	-0.0988452	1.58152	8.35242	-0.034523	-0.0946185	0.0779963	3175600	0.634746	2.22293	0	3.6114
21606224	-0.815473	2.17459	10.6011	0.150878	-0.00255726	0.104848	3175800	0.634746	2.22293	0	4.88928
21606428	0.395381	3.92909	9.98336	1.07149	-0.113798	0.286413	3176000	0.634746	2.22293	0	4.00032
21606626	-0.494226	1.06259	8.37713	-0.0409161	0.207138	-0.126584	3176200	0.634746	2.22293	0	3.704
21606826	0.321247	2.91593	10.6506	0.0409161	-0.177729	-0.140649	3176400	0.634746	2.22293	0	4.87076
21607025	-0.617782	3.87967	8.62424	0.246775	-0.0306871	-0.152157	3176600	0.634746	2.22293	0	3.83364
21607225	-0.247113	1.11201	9.09375	0.103569	-0.111241	-0.0434734	3176800	0.634746	2.22293	0	4.37072
21607428	-0.0247113	1.90277	12.4051	-0.476928	0.0294084	0.125306	3177000	0.634746	2.22293	0	4.27812
21607636	0.370669	4.05265	9.51385	0.184122	-0.0242939	0.257004	3177200	0.634746	2.22293	0	3.85216
21607829	0.0247113	1.92748	8.72308	-0.0690459	0.099733	0.141928	3177400	0.634746	2.22293	0	4.75964
21608026	-0.0494226	3.7314	12.7757	0.0217367	0.237825	-0.089504	3177600	0.634746	2.22293	0	3.75956
21608236	-0.123556	2.49584	8.1053	-0.109962	-0.499944	-0.0639314	3177800	0.634746	2.22293	0	4.20404
21608429	0.0988452	1.85335	10.1563	-0.106126	0.1675	-0.0843895	3178000	0.634746	2.22293	0	5.24116
21608625	0.790761	4.29976	10.1069	0.74544	0.0230153	0.241661	3178200	0.634746	2.22293	0	4.18552
21608827	-0.0247113	2.42171	8.27828	-0.126584	0.384867	0.0537024	3178400	0.634746	2.22293	0	3.704
21609025	-0.0247113	3.31131	10.8977	-0.0204581	-0.162386	-0.208416	3178600	0.634746	2.22293	0	4.11144
21609227	-0.518937	3.7314	8.94549	0.248054	-0.0613742	-0.136813	3178800	0.634746	2.22293	0	3.07432
21609429	-0.518937	2.12517	8.72308	-0.230153	-0.179008	-0.0600955	3179000	0.634746	2.22293	0	3.00024
21609627	-0.19769	2.37228	10.7741	-0.108683	0.0537024	0.00383588	3179200	0.634746	2.22293	0	4.3522
21609828	0.345958	3.21247	9.16789	0.173893	0.171336	0.0115077	3179400	0.634746	2.22293	0	3.64844
21610027	0.0741339	1.48268	8.59953	-0.227596	0.236546	-0.179008	3179600	0.634746	2.22293	0	3.66696
21610227	-0.172979	2.59469	11.1448	-0.202023	-0.0805536	-0.207138	3179800	0.634745	2.22293	0	4.29664
21610430	-0.741339	4.91755	9.36558	-0.0920612	-0.0089504	-0.315821	3180000	0.634745	2.22293	0	3.64844
21610627	-0.518937	1.50739	9.53856	-0.263397	-0.227596	-0.0613742	3180200	0.634745	2.22293	0	4.18552
21610826	0.296535	2.22402	11.4413	-0.203302	0.104848	0.153435	3180400	0.634745	2.22293	0	4.51888
21611027	1.3097	4.12679	9.98336	-0.154714	0.148321	0.265955	3180600	0.634745	2.22293	0	3.74104
21611227	-0.0494226	1.28499	8.1053	-0.349066	0.173893	-0.0166222	3180800	0.634745	2.22293	0	4.20404
21611440	-0.889606	2.14988	12.2815	-0.342672	0.0268512	-0.295363	3181000	0.634745	2.22293	0	4.22256
21611625	-0.345958	3.63256	8.47597	-0.294084	-0.0869467	-0.0933399	3181200	0.634745	2.22293	0	3.29656
21611825	-0.395381	1.3097	9.04433	0.185401	0.00127863	0.0588169	3181400	0.634745	2.22293	0	4.83372
21612026	0.271824	2.07575	12.7263	-0.225039	0.263397	0.25189	3181600	0.634745	2.22293	0	4.18552
21612225	0.19769	3.36074	9.78567	0.226317	0.163664	0.305592	3181800	0.634745	2.22293	0	3.18544
21612429	0.247113	1.77921	9.1926	0.136813	-0.0473092	-0.0869467	3182000	0.634745	2.22293	0	3.75956
21612626	-0.617782	3.33602	12.578	-0.519123	0.145764	-0.245497	3182200	0.634745	2.22293	0	2.79652
21612827	-0.667205	2.07575	8.52539	-0.172615	-0.335001	-0.0537024	3182400	0.634745	2.22293	0	3.62992
21613025	-0.790761	1.85335	9.88452	0.0242939	0.0294084	-0.00383588	3182600	0.634745	2.22293	0	4.92632
21613227	0.420092	4.54688	11.3919	1.10729	0.0191794	0.099733	3182800	0.634745	2.22293	0	4.50036
21613430	0.123556	1.60623	8.77251	-0.034523	0.153435	-0.0588169	3183000	0.634745	2.22293	0	3.66696
21613627	-0.123556	2.49584	10.2305	-0.0984544	-0.175172	-0.141928	3183200	0.634745	2.22293	0	3.77808
21613827	-0.76605	3.2866	9.66211	0.480764	-0.0485879	0.0306871	3183400	0.634745	2.22293	0	3.16692
21614025	-0.271824	1.01316	8.52539	-0.0754391	-0.180287	-0.0383588	3183600	0.634745	2.22293	0	3.9818
21614226	-0.321247	1.70508	11.2436	-0.111241	0.0984544	0.216088	3183800	0.634745	2.22293	0	4.96336
21614428	1.16143	3.80554	9.95865	-0.179008	0.134256	0.15855	3184000	0.634745	2.22293	0	3.53732
21614626	0.123556	1.23556	8.13001	-0.245497	0.267233	0.0703246	3184200	0.634745	2.22293	0	3.90772
21614826	-0.123556	1.68037	12.0097	-0.106126	0.06521	-0.0511451	3184400	0.634745	2.22293	0	4.64852
21615025	-0.494226	4.54688	9.31616	-0.109962	-0.233989	-0.181565	3184600	0.634745	2.22293	0	3.5188
21615226	-0.296535	1.40854	8.7478	0.044752	-0.154714	-0.0882253	3184800	0.634745	2.22293	0	4.11144
21615429	0.247113	1.95219	12.1827	-0.249333	0.0294084	0.162386	3185000	0.634745	2.22293	0	4.50036
21615626	1.18614	4.25034	8.79722	-0.111241	0.0639314	0.125306	3185200	0.634745	2.22293	0	3.09284
21615825	1.06259	1.45797	9.66211	-0.342672	0.0971757	-0.0971757	3185400	0.634745	2.22293	0	4.37072
21616026	0.444803	2.44642	8.9702	0.0524238	-0.111241	0.18668	3185600	0.634745	2.22293	0	5.093
21616227	-0.691916	4.76928	10.5023	1.2147	-0.0358016	-0.134256	3185800	0.634745	2.22293	0	4.74112
21616429	-0.123556	1.55681	8.27828	0.603513	0.170058	0.236546	3186000	0.634745	2.22293	0	4.01884
21616626	-0.420092	2.79238	11.2931	-0.750555	0.0677673	0.0511451	3186200	0.634745	2.22293	0	4.55592
21616826	0.370669	4.76928	9.88452	-0.314543	0.0703246	-0.23271	3186400	0.634745	2.22293	0	2.79652
21617026	0.321247	1.28499	7.61108	-0.372081	0.291527	-0.193073	3186600	0.634744	2.22293	0	3.8892
21617225	-0.247113	2.397	12.0838	-0.176451	-0.115077	-0.107405	3186800	0.634744	2.22293	0	4.96336
21617430	-0.469514	4.27505	9.53856	0.0421947	-0.153435	-0.136813	3187000	0.634744	2.22293	0	3.40768
21617626	-0.469514	1.45797	8.72308	-0.120191	-0.0690459	0.0255726	3187200	0.634744	2.22293	0	4.37072
21617826	-0.247113	1.26028	12.3062	-0.375917	0.154714	0.328607	3187400	0.634744	2.22293	0	4.46332
21618025	0.345958	4.22563	9.31616	-0.148321	-0.0498665	0.157271	3187600	0.634744	2.22293	0	3.1484
21618234	-0.395381	2.05104	9.06904	0.0639314	-0.204581	-0.54086	3187800	0.634744	2.22293	0	3.7966
21618429	-1.11201	1.9769	11.9108	-0.704524	-0.163664	-1.09578	3188000	0.634744	2.22293	0	3.25952
21618625	-1.63095	3.58314	8.9702	0.0562596	-0.402768	-1.32722	3188200	0.634744	2.22293	0	3.18544
21618826	-0.494226	1.85335	9.71154	0.0255726	-0.608627	-1.36174	3188400	0.634744	2.22293	0	3.241
21619027	0.617782	3.78083	11.5896	0.044752	-0.0818322	-0.856681	3188600	0.634744	2.22293	0	3.62992
21619237	0.691916	3.90438	9.09375	-0.0370802	-0.153435	-0.950021	3188800	0.634744	2.22293	0	3.1484
21619439	0.617782	2.05104	9.43971	0.150878	-0.112519	-0.772291	3189000	0.634744	2.22293	0	2.57428
21619630	-0.222402	2.10046	11.9356	-0.469257	-0.301756	-0.668723	3189200	0.634744	2.22294	0	3.704
21619831	-0.988452	2.89122	8.92078	-0.0716032	-0.0805536	-0.309428	3189400	0.634744	2.22294	0	2.94468
21620035	-0.790761	1.38383	10.0328	0.0869467	-0.125306	-0.0498665	3189600	0.634744	2.22294	0	3.29656
21620231	0.642494	2.76766	12.8746	-0.429619	0.0537024	0.274905	3189800	0.634744	2.22294	0	4.50036
21620432	0.469514	3.18776	8.37713	-0.0920612	0.0281298	0.405325	3190000	0.634744	2.22294	0	3.6114
21620631	-0.19769	1.45797	9.61269	0.177729	0.0984544	0.0767177	3190200	0.634744	2.22294	0	4.01884
21620832	-0.321247	4.17621	12.3062	-0.0562596	0.191794	-0.273626	3190400	0.634744	2.22294	0	4.66704
21621026	-0.321247	1.60623	8.92078	0.0089504	-0.505058	0.0332443	3190600	0.634744	2.22294	0	3.72252
21621226	-0.395381	1.45797	10.527	-0.0255726	0.157271	-0.0613742	3190800	0.634744	2.22294	0	4.24108
21621430	0.840184	4.8187	11.4907	0.387424	-0.0434734	0.236546	3191000	0.634744	2.22294	0	4.64852
21621637	0.296535	1.38383	8.69837	0.131699	0.216088	-0.0754391	3191200	0.634744	2.22294	0	3.92624
21621827	-0.148268	1.87806	10.4282	-0.101012	-0.0089504	-0.28897	3191400	0.634745	2.22294	0	4.00032
21622037	-0.494226	3.18776	8.79722	0.461585	0.010229	-0.153435	3191600	0.634745	2.22294	0	4.4448
21622227	-0.172979	0.988452	8.72308	-0.22376	-0.23271	0.0191794	3191800	0.634745	2.22294	0	3.72252
21622429	0	2.32286	11.6637	-0.0907826	0.00639314	0.108683	3192000	0.634745	2.22294	0	4.46332
21622626	1.16143	4.22563	9.8598	0.00383588	0.295363	0.205859	3192200	0.634745	2.22294	0	4.38924
21622826	-0.296535	1.48268	8.08059	-0.111241	0.257004	0.0140649	3192400	0.634745	2.22294	0	4.0744
21623027	-0.420092	2.37228	12.3804	-0.401489	-0.0498665	-0.171336	3192600	0.634745	2.22294	0	4.51888
21623227	-0.321247	4.17621	8.55011	-0.0255726	-0.19563	-0.010229	3192800	0.634745	2.22294	0	3.96328
21623430	-0.172979	1.77921	9.68683	-0.107405	-0.0958971	0	3193000	0.634745	2.22294	0	3.6114
21623629	0.864895	2.59469	12.6769	-0.54981	0.237825	0.265955	3193200	0.634745	2.22294	0	4.22256
21623827	0.543648	3.87967	8.92078	0.356737	-0.0179008	0.221203	3193400	0.634745	2.22294	0	3.7966
21624026	0.345958	1.80392	8.79722	0.0613742	0.0370802	0.0358016	3193600	0.634745	2.22294	0	4.09292
21624227	-0.864895	3.23718	12.5286	-0.314543	0.38231	-0.340115	3194000	0.634745	2.22294	0	3.68548
21624629	-0.56836	1.9769	10.6011	0.0460306	-0.099733	0.0664887	3194200	0.634745	2.22294	0	3.55584
21624830	0.345958	5.0411	12.2321	0.350344	0.104848	0.0677673	3194400	0.634745	2.22294	0	4.96336
21625030	0.345958	2.99007	8.9702	0.299199	0.0524238	0.099733	3194600	0.634745	2.22294	0	4.38924
21625229	-0.123556	2.02633	9.56327	-0.204581	0.010229	0.0268512	3194800	0.634745	2.22294	0	3.4262
21625432	-0.345958	4.5963	11.9108	0.878418	0.237825	0.0383588	3195000	0.634745	2.22294	0	4.63
21625629	-0.444803	1.9769	8.79722	-0.0716032	-0.460306	0.0127863	3195200	0.634745	2.22294	0	3.90772
21625831	-0.148268	1.48268	10.5764	-0.135535	-0.0255726	0.0562596	3195400	0.634745	2.22294	0	3.83364
21626038	0.840184	2.86651	10.3293	0.341394	0.196909	0.0511451	3195600	0.634745	2.22294	0	5.1856
21626237	-0.0988452	1.18614	8.37713	-0.218645	0.349066	-0.0370802	3195800	0.634745	2.22294	0	4.20404
21626430	-0.0247113	3.7314	10.6259	-0.0370802	-0.164943	-0.237825	3196000	0.634745	2.22294	0	4.20404
21626632	-0.642494	4.47274	9.21731	0.365688	-0.0511451	-0.292806	3196200	0.634745	2.22294	0	4.20404
21626826	-0.271824	1.58152	8.40184	-0.226317	-0.170058	0.0268512	3196400	0.634745	2.22294	0	3.64844
21627026	-0.247113	2.69353	11.2931	-0.173893	0.0473092	0.176451	3196600	0.634745	2.22294	0	4.05588
21627238	1.03787	4.22563	9.66211	-0.22376	0.39126	0.141928	3196800	0.634745	2.22294	0	4.20404
21627428	-0.123556	1.0873	8.1053	-0.164943	0.209695	0.0524238	3197000	0.634745	2.22294	0	3.87068
21627627	-0.444803	2.10046	12.3556	-0.314543	-0.0728818	-0.0792749	3197200	0.634745	2.22294	0	4.31516
21627827	-0.444803	4.00323	9.39029	-0.370802	0.0242939	-0.129141	3197400	0.634745	2.22294	0	4.20404
21628027	-0.469514	1.23556	8.64895	0.0140649	-0.0920612	0.0370802	3197600	0.634745	2.22294	0	3.85216
21628227	-0.345958	1.82864	12.1332	-0.404047	0.140649	0.194351	3197800	0.634745	2.22294	0	4.83372
21628430	1.0873	4.00323	8.89606	-0.0856681	-0.0434734	0.303035	3198000	0.634745	2.22294	0	4.00032
21628629	0.172979	1.58152	8.77251	-0.0473092	0.0818322	0.00255726	3198200	0.634745	2.22294	0	4.11144
21628828	-0.222402	4.25034	12.5039	-0.0907826	0.125306	-0.207138	3198400	0.634745	2.22294	0	4.64852
21629028	-0.815473	1.40854	8.55011	0.213531	-0.204581	0.0524238	3198600	0.634745	2.22294	0	3.87068
21629227	-0.56836	1.55681	10.873	-0.12147	-0.0664887	0.00511451	3198800	0.634745	2.22294	0	3.8892
21629440	0.815473	3.60785	9.46442	0.264676	-0.034523	0.203302	3199000	0.634745	2.22294	0	4.74112
21629626	-0.617782	0.939029	7.58637	0.00255726	0.372081	-0.0677673	3199200	0.634745	2.22294	0	3.94476
21629829	-0.148268	1.82864	11.8861	-0.227596	-0.196909	-0.286413	3199400	0.634745	2.22294	0	4.03736
21630030	-0.815473	3.78083	8.40184	0.118912	0.0089504	-0.217367	3199600	0.634745	2.22294	0	4.59296
21630230	-0.56836	1.13672	8.25357	0.0396375	-0.159829	-0.106126	3199800	0.634745	2.22294	0	3.704
21630435	-0.0494226	2.07575	12.0838	0.0779963	0.0281298	0.140649	3200000	0.634745	2.22294	0	4.0744
21630640	1.18614	4.64572	9.76096	-0.352901	0.322214	-0.0230153	3200200	0.634745	2.22294	0	4.50036
21630829	-0.0494226	1.45797	8.13001	-0.089504	0.314543	-0.0383588	3200400	0.634745	2.22294	0	3.57436
21631030	-0.370669	1.72979	12.0838	-0.25189	-0.177729	-0.034523	3200600	0.634745	2.22294	0	3.62992
21631230	-0.667205	3.85496	8.27828	0.0664887	-0.0958971	-0.0473092	3200800	0.634745	2.22294	0	4.59296
21631432	-0.617782	2.00161	8.45126	-0.104848	-0.104848	-0.0626528	3201000	0.634745	2.22294	0	3.72252
21631630	-0.617782	1.72979	11.4413	-0.265955	0.0089504	-0.0409161	3201200	0.634745	2.22294	0	4.03736
21631830	0.790761	3.31131	8.94549	-0.112519	0.0358016	-0.0754391	3201400	0.634746	2.22294	0	5.05596
21632041	-0.271824	1.43325	7.90761	-0.0767177	0.347787	-0.1496	3201600	0.634746	2.22294	0	4.0744
21632240	0.172979	0.741339	11.3919	-0.170058	-0.116355	-0.131699	3201800	0.634746	2.22294	0	4.11144
21632433	0.321247	5.01639	11.9108	0.604791	0.0204581	0.089504	3202000	0.634746	2.22294	0	5.31524
21632639	-0.321247	1.92748	8.45126	-0.0179008	-0.0434734	0.0818322	3202200	0.634746	2.22294	0	4.14848
21632826	-0.889606	0.642494	9.61269	-0.278741	-0.125306	0.0434734	3202400	0.634746	2.22294	0	4.14848
21633026	1.21085	5.33764	12.6522	0.226317	0.129141	0.187958	3202600	0.634746	2.22294	0	4.70408
21633226	0.370669	2.54526	9.26673	0.305592	0.136813	0.0434734	3202800	0.634746	2.22294	0	3.81512
21633429	-0.0247113	1.40854	9.56327	-0.0767177	0.0204581	-0.089504	3203000	0.634746	2.22294	0	3.704
21633627	-0.518937	3.45958	13.1464	-0.545974	0.342672	-0.329886	3203200	0.634746	2.22294	0	4.63
21633828	-0.222402	1.26028	8.50068	-0.10229	-0.368245	-0.120191	3203400	0.634746	2.22294	0	3.68548
21634027	-0.914318	1.06259	10.2799	-0.0575383	0.136813	-0.0255726	3203600	0.634746	2.22294	0	3.68548
21634237	0.370669	3.31131	10.8977	0.912941	0.0958971	0.0882253	3203800	0.634746	2.22294	0	4.59296
21634430	-0.716627	0.815473	9.14318	0.0153435	0.246775	0.00127863	3204000	0.634746	2.22294	0	3.66696
21634627	-0.271824	1.26028	10.2552	-0.230153	-0.21481	-0.212252	3204200	0.634746	2.22294	0	3.72252
21634827	-1.33441	4.25034	12.1827	0.735211	-0.218645	-0.395096	3204400	0.634746	2.22294	0	3.85216
21635027	-1.50739	1.50739	7.68521	0.0690459	-0.120191	-0.377195	3204600	0.634746	2.22294	0	2.98172
21635227	-0.939029	1.35912	10.6259	0.0958971	-0.231432	-0.474371	3204800	0.634746	2.22294	0	3.12988
21635429	0.172979	4.69514	12.4298	0.194351	-0.71731	-0.311985	3205000	0.634746	2.22294	0	3.241
21635627	-1.01316	1.33441	8.72308	0.32605	0.0140649	-0.675116	3205200	0.634746	2.22294	0	2.6854
21635826	-0.667205	2.59469	10.2799	0.349066	-0.372081	-1.418	3205400	0.634746	2.22294	0	2.75948
21636027	-1.01316	4.10207	11.639	1.005	-0.497386	-1.4538	3205600	0.634746	2.22294	0	2.315
21636228	-0.667205	0.642494	8.22886	0.152157	-0.366966	-1.19168	3205800	0.634746	2.22294	0	3.07432
21636431	-0.914318	0.741339	11.4413	0.0958971	-0.131699	-0.487157	3206000	0.634746	2.22294	0	2.62984
21636631	-0.0741339	2.29815	11.6143	0.498665	0.248054	-0.0511451	3206200	0.634746	2.22294	0	4.3522
21636828	0.0494226	1.38383	9.01962	-0.118912	0.117634	-0.0473092	3206400	0.634746	2.22294	0	3.66696
21637033	-0.395381	1.23556	10.2552	-0.222481	-0.0498665	-0.0217367	3206600	0.634746	2.22294	0	3.55584
21637232	-1.72979	3.48429	12.1827	0.35418	0.145764	-0.225039	3206800	0.634746	2.22294	0	4.11144
21637446	-0.815473	1.06259	7.93232	0.216088	-0.244218	-0.172615	3207000	0.634746	2.22294	0	3.31508
21637632	-1.35912	1.01316	10.6259	0.099733	0.00255726	0.0127863	3207200	0.634746	2.22294	0	3.31508
21637828	0.247113	6.1284	12.2568	0.958971	-0.12147	-0.0089504	3207400	0.634746	2.22294	0	5.05596
21638038	-0.345958	0.790761	8.03117	0.222481	0.361852	0.116355	3207600	0.634746	2.22294	0	3.87068
21638226	-0.296535	1.58152	10.8977	-0.0460306	-0.202023	0.0869467	3207800	0.634746	2.22294	0	3.3336
21638430	-1.01316	4.44803	11.466	0.818322	-0.0255726	-0.141928	3208000	0.634746	2.22294	0	4.31516
21638627	-0.691916	0.0988452	8.25357	0.143206	-0.395096	-0.129141	3208200	0.634746	2.22294	0	3.72252
21638836	-0.741339	1.55681	12.0344	-0.0984544	0.0754391	0.0869467	3208400	0.634746	2.22294	0	3.3336
21639027	0.593071	3.7314	8.67366	0.225039	-0.0575383	0.18668	3208600	0.634746	2.22294	0	4.98188
21639226	-0.790761	0.642494	7.75934	-0.0498665	0.525516	0.0089504	3208800	0.634746	2.22294	0	3.40768
21639430	-0.667205	1.35912	12.7757	-0.217367	-0.21481	-0.228874	3209000	0.634746	2.22294	0	3.38916
21639625	-1.0873	2.79238	8.50068	-0.294084	-0.217367	-0.32605	3209200	0.634746	2.22294	0	4.57444
21639824	-0.840184	0.345958	8.57482	0.0562596	-0.0588169	-0.112519	3209400	0.634746	2.22294	0	3.22248
21640026	-0.543648	1.23556	11.7626	-0.208416	0.0562596	0.144485	3209600	0.634746	2.22294	0	3.35212
21640228	0.543648	2.71824	9.83509	-0.283855	0.0242939	0.0741604	3209800	0.634746	2.22294	0	4.37072
21640431	-0.617782	0.691916	8.72308	-0.0754391	0.122748	0.0306871	3210000	0.634747	2.22294	0	3.31508
21640628	-0.741339	1.18614	12.5039	-0.306871	0.19563	-0.127863	3210200	0.634747	2.22294	0	4.00032
21640839	-0.247113	2.27344	8.84664	-0.152157	-0.122748	0.0485879	3210400	0.634747	2.22294	0	4.0744
21641027	-0.667205	1.33441	9.78567	0.168779	-0.10229	0.00383588	3210600	0.634747	2.22294	0	3.37064
21641228	0.518937	1.55681	13.5665	-0.0281298	0.171336	0.225039	3210800	0.634747	2.22294	0	4.11144
21641428	0.667205	2.14988	9.29144	0.06521	0.0971757	0.324772	3211000	0.634747	2.22294	0	4.11144
21641627	0.395381	1.43325	9.90923	-0.0230153	-0.0383588	0.0703246	3211200	0.634747	2.22294	0	3.5188
21641827	-0.691916	3.90438	12.2815	0.574104	0.034523	0.245497	3211400	0.634747	2.22294	0	4.22256
21642036	-0.76605	0.691916	8.47597	-0.0805536	-0.404047	-0.044752	3211600	0.634747	2.22294	0	3.83364
21642236	-0.939029	0.939029	10.8483	-0.184122	0.0882253	-0.06521	3211800	0.634747	2.22294	0	3.75956
21642430	0.840184	3.55843	9.98336	1.09195	-0.0217367	0.28897	3212000	0.634747	2.22294	0	4.88928
21642627	-0.0741339	1.21085	8.47597	-0.113798	0.338836	-0.126584	3212200	0.634747	2.22294	0	3.64844
21642837	-0.0494226	1.13672	11.812	-0.132977	-0.13042	-0.228874	3212400	0.634747	2.22294	0	3.57436
21643027	-0.939029	3.60785	9.98336	0.514009	-0.181565	-0.22376	3212600	0.634747	2.22294	0	4.38924
21643227	-0.395381	0.370669	7.58637	-0.135535	-0.127863	0.00127863	3212800	0.634747	2.22294	0	3.57436
21643431	-0.543648	1.23556	11.7873	-0.0089504	0.0716032	0.217367	3213000	0.634747	2.22294	0	3.48176
21643630	0.370669	2.74295	9.56327	0.306871	0.112519	0.154714	3213200	0.634747	2.22294	0	4.48184
21643830	-0.296535	0.543648	8.40184	-0.113798	0.324772	0.0089504	3213400	0.634747	2.22294	0	3.53732
21644027	-0.321247	0.691916	11.5402	-0.198187	-0.154714	-0.198187	3213600	0.634747	2.22294	0	3.55584
21644238	-0.691916	4.22563	9.46442	-0.320936	-0.308149	-0.397653	3213800	0.634747	2.22294	0	4.40776
21644432	-0.222402	1.0873	8.62424	-0.0460306	-0.111241	-0.0741604	3214000	0.634747	2.22294	0	3.66696
21644632	-0.222402	1.33441	11.8861	-0.25189	0.0562596	0.245497	0	0	0	0	0
21644660	0.0247113	1.26028	12.4545	-0.401489	0.1496	0.327329	3214200	0.634747	2.22294	0	3.72252
21644831	0.642494	3.16304	10.1069	-0.377195	0.108683	0.127863	3214400	0.634747	2.22294	0	4.46332
21645031	-0.19769	1.26028	8.25357	-0.1496	0.177729	-0.06521	3214600	0.634747	2.22294	0	3.27804
21645229	0.148268	1.23556	12.4792	-0.291527	-0.0255726	-0.0920612	3214800	0.634747	2.22294	0	3.83364
21645441	-0.420092	2.42171	9.76096	-0.22376	-0.257004	-0.175172	3215000	0.634747	2.22294	0	3.8892
21645627	-0.247113	0.741339	9.73625	0.107405	0.0153435	0.00127863	3215200	0.634747	2.22294	0	3.25952
21645827	0.172979	1.38383	12.5039	-0.13937	0.28002	0.405325	3215400	0.634747	2.22294	0	4.29664
21646028	0.395381	2.64411	9.58798	0.125306	0.0319657	0.320936	3215600	0.634747	2.22294	0	4.22256
21646227	0.271824	1.28499	9.21731	-0.163664	-0.0600955	0.0524238	3215800	0.634747	2.22294	0	3.0558
21646440	-0.469514	3.70669	11.4413	0.900154	0.0754391	0.120191	3216000	0.634747	2.22294	0	4.11144
21646630	-0.172979	1.21085	8.84664	-0.0792749	-0.230153	0.089504	3216200	0.634747	2.22294	0	4.0744
21646828	-0.469514	2.05104	10.7494	-0.0767177	0.0511451	0.0179008	3216400	0.634747	2.22294	0	3.18544
21647029	0.420092	2.44642	10.1563	0.595841	0.0153435	0.116355	3216600	0.634747	2.22294	0	4.68556
21647227	-0.123556	0.543648	8.3277	0.0805536	0.355459	-0.0984544	3216800	0.634747	2.22294	0	3.7966
21647441	0.0494226	1.92748	11.3425	-0.19563	-0.15855	-0.13937	3217000	0.634748	2.22294	0	3.27804
21647630	-0.939029	3.33602	9.06904	0.278741	-0.132977	-0.0907826	3217200	0.634748	2.22294	0	4.42628
21647831	-0.247113	0.864895	8.84664	-0.258283	-0.141928	-0.0370802	3217400	0.634748	2.22294	0	3.68548
21648027	-0.0741339	2.00161	11.7873	-0.0524238	0.0933399	0.22376	3217600	0.634748	2.22294	0	3.68548
21648227	0.642494	3.90438	9.58798	0.0204581	0.225039	0.129141	3217800	0.634748	2.22294	0	4.42628
21648432	-0.0741339	1.58152	8.35242	-0.168779	0.153435	-0.0421947	3218000	0.634748	2.22294	0	3.37064
21648628	-0.172979	2.49584	13.27	-0.355459	-0.0511451	-0.272348	3218200	0.634748	2.22294	0	4.12996
21648827	-0.19769	3.70669	9.26673	0.099733	-0.23271	-0.226317	3218400	0.634748	2.22294	0	3.64844
21649024	-0.593071	1.3097	9.39029	-0.245497	0.101012	-0.0153435	3218600	0.634748	2.22294	0	3.27804
21649226	0	2.34757	12.0344	-0.443684	0.212252	0.189237	3218800	0.634748	2.22294	0	3.75956
21649430	0.617782	2.69353	9.88452	0.150878	-0.0703246	0.1675	3219000	0.634748	2.22294	0	3.77808
21649627	-0.0741339	1.35912	8.87135	-0.0294084	-0.034523	-0.0370802	3219200	0.634748	2.22294	0	2.85208
21649830	-0.247113	3.38545	12.7263	0.239103	0.0984544	-0.00383588	3219400	0.634748	2.22294	0	4.00032
21650037	-0.0741339	1.70508	8.64895	0.162386	-0.216088	0.131699	3219600	0.634748	2.22294	0	3.85216
21650236	-0.370669	1.50739	10.4035	-0.0511451	-0.00383588	0.116355	3219800	0.634748	2.22294	0	2.90764
21650429	0.518937	4.07736	11.9356	1.03313	0.124027	0.0779963	3220000	0.634748	2.22294	0	4.167
21650628	0.0494226	1.80392	8.87135	0.143206	0.112519	-0.13042	3220200	0.634748	2.22294	0	3.7966
21650835	0.222402	2.02633	10.4035	-0.106126	-0.143206	-0.168779	3220400	0.634748	2.22294	0	3.22248
21651027	0.172979	3.92909	10.7988	0.873303	-0.0920612	-0.044752	3220600	0.634748	2.22294	0	4.22256
21651228	-0.148268	0.691916	8.52539	-0.0600955	-0.194351	0.00127863	3220800	0.634748	2.22294	0	3.31508
21651441	-0.271824	2.00161	10.6506	-0.0958971	0.140649	0.0907826	3221000	0.634748	2.22294	0	3.35212
21651628	0.0247113	3.01478	9.88452	0.563875	0.0524238	0.248054	3221200	0.634748	2.22294	0	3.704
21651829	-0.0494226	1.50739	8.84664	-0.107405	0.233989	-0.140649	3221400	0.634748	2.22294	0	3.16692
21652028	0.296535	1.58152	11.0459	-0.246775	-0.0754391	-0.182844	3221600	0.634748	2.22294	0	3.48176
21652227	-0.543648	2.05104	9.11847	0.599677	-0.0089504	0.0294084	3221800	0.634748	2.22294	0	3.5188
21652444	-0.469514	0.914318	8.82193	-0.0741604	-0.212252	-0.0217367	3222000	0.634748	2.22294	0	3.40768
21652631	-0.56836	2.07575	11.0212	-0.177729	0.126584	0.0268512	3222200	0.634748	2.22294	0	3.5188
21652831	0.172979	2.59469	9.14318	-0.0818322	-0.19563	-0.148321	3222400	0.634748	2.22294	0	3.57436
21653030	-0.914318	1.60623	8.45126	-0.198187	0.166222	-0.69941	3222600	0.634748	2.22294	0	3.16692
21653231	-0.667205	2.32286	11.4166	-0.135535	-0.377195	-1.12519	3222800	0.634748	2.22294	0	2.61132
21653434	-1.45797	4.3739	9.98336	-0.277462	-0.496108	-1.69674	3223000	0.634748	2.22294	0	2.55576
21653637	-0.691916	2.17459	9.04433	-0.143206	-0.420669	-1.58806	3223200	0.634748	2.22294	0	2.64836
21653828	0.56836	0.790761	11.2683	-0.0856681	0.0319657	-0.710917	3223400	0.634748	2.22294	0	3.37064
21654027	0.815473	3.68198	9.58798	-0.10229	0.06521	-0.379753	3223600	0.634748	2.22294	0	3.38916
21654227	-0.247113	0.914318	8.62424	-0.10229	0.0255726	-0.438569	3223800	0.634748	2.22294	0	3.27804
21654435	0.0741339	1.58152	12.0591	-0.177729	-0.00767177	-0.378474	3224000	0.634748	2.22294	0	3.38916
21654642	-1.26028	4.67043	9.51385	-0.639314	-0.0792749	-0.492272	3224200	0.634748	2.22294	0	2.92616
21654832	-0.444803	1.26028	9.1926	0.246775	-0.194351	-0.282577	3224400	0.634748	2.22294	0	3.83364
21655037	0.296535	1.23556	12.6028	-0.340115	0.15855	0.315821	3224600	0.634748	2.22294	0	3.94476
21655235	1.35912	3.55843	9.16789	-0.0741604	0.044752	0.323493	3224800	0.634748	2.22294	0	3.241
21655437	-0.172979	0.864895	8.15473	-0.0434734	0.0600955	0.0664887	3225000	0.634748	2.22294	0	4.09292
21655638	-0.321247	1.80392	12.7016	-0.368245	0.153435	-0.181565	3225200	0.634748	2.22294	0	4.05588
21655836	-0.494226	3.53371	8.79722	-0.283855	-0.253168	-0.286413	3225400	0.634748	2.22294	0	3.38916
21656033	-0.469514	1.45797	9.6374	0.274905	-0.154714	-0.182844	3225600	0.634748	2.22294	0	3.9818
21656231	0.271824	2.00161	12.5039	-0.612463	0.320936	0.291527	3225800	0.634748	2.22294	0	4.00032
21656435	0.617782	2.32286	9.83509	0.225039	0.0268512	0.236546	3226000	0.634748	2.22294	0	3.8892
21656633	0.0494226	0.889606	9.14318	-0.124027	-0.0370802	0.054981	3226200	0.634748	2.22294	0	4.55592
21656834	-0.222402	3.03949	13.1217	-0.268512	0.292806	-0.254447	3226400	0.634748	2.22294	0	4.55592
21657034	-1.03787	1.5321	9.16789	0.0856681	-0.112519	0.0677673	3226600	0.634748	2.22294	0	3.68548
21657231	-1.01316	1.13672	9.83509	-0.250611	-0.147042	0.00639314	3226800	0.634748	2.22294	0	4.40776
21657436	0.543648	4.89284	12.578	0.1496	0.0204581	0.0127863	3227000	0.634748	2.22294	0	4.38924
21657631	-0.0741339	2.17459	9.31616	0.290249	0.207138	0.109962	3227200	0.634748	2.22294	0	3.74104
21657832	0.148268	1.58152	10.4282	-0.0562596	-0.0626528	-0.0230153	3227400	0.634748	2.22294	0	4.57444
21658029	-0.0988452	4.57159	12.4051	0.276184	-0.0460306	-0.138092	3227600	0.634748	2.22294	0	4.09292
21658229	-0.518937	0.691916	7.78406	-0.0191794	-0.171336	-0.00127863	3227800	0.634748	2.22294	0	3.5188
21658430	-0.247113	1.11201	11.4413	0	0.0511451	0.0524238	3228000	0.634748	2.22294	0	4.50036
21658628	0.444803	2.22402	10.2305	0.632921	-0.00767177	0.184122	3228200	0.634748	2.22294	0	3.68548
21658831	-0.667205	0.271824	8.40184	-0.0421947	0.283855	-0.0230153	3228400	0.634748	2.22294	0	3.64844
21659031	0.0494226	1.65566	11.4166	-0.278741	-0.044752	-0.187958	3228600	0.634748	2.22294	0	3.9818
21659229	-0.988452	2.8418	8.35242	-0.198187	-0.0831108	-0.311985	3228800	0.634748	2.22294	0	3.4262
21659434	-0.19769	0.444803	9.24202	0.180287	-0.136813	-0.0818322	3229000	0.634748	2.22294	0	3.90772
21659638	0.0988452	0.815473	11.9603	-0.430898	0.1496	0.281298	3229200	0.634748	2.22293	0	3.87068
21659830	0.741339	2.89122	9.66211	-0.259562	0.0332443	0.120191	3229400	0.634748	2.22293	0	3.22248
21660029	0.0741339	1.48268	8.89606	-0.0792749	0.26084	-0.0421947	3229600	0.634748	2.22293	0	3.81512
21660228	0.0247113	1.0873	12.6028	-0.172615	0.129141	-0.0358016	3229800	0.634748	2.22293	0	3.90772
21660432	-0.370669	3.60785	9.53856	-0.446241	-0.204581	-0.242939	3230000	0.634748	2.22293	0	3.44472
21660626	-0.222402	0.790761	9.93394	0.0383588	-0.111241	0.0460306	3230200	0.634748	2.22293	0	4.0744
21660824	-0.123556	1.23556	11.7873	-0.487157	0.281298	0.228874	3230400	0.634748	2.22293	0	4.18552
21661027	0.741339	3.41016	8.89606	-0.135535	-0.034523	0.28002	3230600	0.634748	2.22293	0	3.38916
21661229	-0.148268	1.48268	9.06904	-0.132977	0.10229	0.150878	3230800	0.634748	2.22293	0	4.24108
21661443	-0.19769	2.86651	12.9487	0.134256	0.184122	-0.112519	3231000	0.634748	2.22293	0	3.90772
21661631	-0.617782	1.63095	8.89606	0.436012	-0.340115	0.0217367	3231200	0.634748	2.22293	0	3.7966
21661835	-0.296535	1.48268	10.6259	0.06521	-0.0306871	-0.00511451	3231400	0.634748	2.22293	0	4.33368
21662035	0.939029	6.17782	12.2321	0.911662	0.0741604	0.135535	3231600	0.634748	2.22293	0	3.83364
21662234	-0.345958	1.45797	8.47597	0.125306	0.276184	-0.0115077	3231800	0.634748	2.22293	0	3.12988
21662445	0	1.60623	11.4907	-0.143206	-0.054981	-0.124027	3232000	0.634747	2.22293	0	4.38924
21662636	-0.19769	3.45958	9.61269	0.728818	0.120191	0.126584	3232200	0.634747	2.22293	0	3.241
21662841	-0.395381	0	8.35242	-0.0434734	-0.0383588	0.0409161	0	0	0	0	0
21662851	-0.370669	0.19769	8.37713	-0.0319657	-0.0089504	0.0319657	3232400	0.634747	2.22293	0	3.241
21663038	-0.716627	1.33441	11.4907	-0.0792749	0.00511451	0.135535	3232600	0.634747	2.22293	0	4.22256
21663237	0.0988452	2.47113	9.73625	-0.0754391	0.0089504	0.117634	3232800	0.634747	2.22293	0	3.09284
21663436	-0.469514	0.790761	8.55011	-0.0869467	0.241661	-0.0485879	3233000	0.634747	2.22293	0	3.12988
21663635	-0.56836	0.815473	10.9224	-0.0971757	0.00383588	-0.161107	3233200	0.634747	2.22293	0	4.18552
21663832	-0.321247	2.54526	9.46442	0.60607	0.106126	-0.0217367	3233400	0.634747	2.22293	0	3.38916
21664030	-0.593071	1.21085	8.77251	-0.219924	-0.177729	-0.0281298	3233600	0.634747	2.22293	0	3.0558
21664236	-0.321247	2.14988	11.4166	0.0383588	-0.00383588	0.0217367	3233800	0.634747	2.22293	0	4.3522
21664433	0.296535	2.96535	9.09375	0.230153	0.0639314	-0.0166222	3234000	0.634747	2.22293	0	3.3336
21664632	-0.667205	0.988452	8.50068	-0.127863	0.300478	-0.141928	3234200	0.634747	2.22293	0	3.37064
21664835	0.0988452	1.92748	11.7626	-0.153435	-0.0613742	-0.101012	3234400	0.634747	2.22293	0	4.05588
21665036	-1.03787	4.96697	9.76096	-0.3171	-0.176451	-0.217367	3234600	0.634747	2.22293	0	3.48176
21665228	-0.716627	1.7545	8.87135	-0.089504	0.00639314	0.0127863	3234800	0.634747	2.22293	0	3.07432
21665437	-0.444803	0.667205	12.5533	-0.335001	0.196909	0.303035	3235000	0.634747	2.22293	0	3.44472
21665637	0.296535	3.11362	9.09375	-0.404047	0.0332443	0.276184	3235200	0.634747	2.22293	0	2.55576
21665837	-0.0988452	1.68037	8.9702	0.0984544	0.0958971	-0.0767177	3235400	0.634747	2.22293	0	3.12988
21666033	-0.420092	1.55681	12.0344	-0.427062	0.00511451	-0.21481	3235600	0.634747	2.22293	0	3.46324
21666232	-0.222402	3.38545	9.11847	-0.0230153	-0.181565	-0.147042	3235800	0.634747	2.22293	0	2.70392
21666438	-0.642494	1.0873	9.58798	0.0664887	-0.0217367	-0.00255726	3236000	0.634747	2.22293	0	3.81512
21666633	0.0741339	3.08891	12.6522	-0.213531	0.107405	0.314543	3236200	0.634747	2.22293	0	4.11144
21666836	-0.0247113	3.26189	9.06904	0.0805536	0.089504	0.173893	3236400	0.634747	2.22293	0	3.25952
21667034	0.0741339	1.7545	9.95865	-0.184122	-0.112519	-0.0383588	3236600	0.634747	2.22293	0	3.94476
21667233	-0.494226	4.05265	12.9981	0.315821	0.0153435	-0.272348	0	0	0	0	0
21667282	-0.96374	2.76766	8.94549	0.400211	-0.0588169	-0.0230153	3236800	0.634747	2.22293	0	3.85216
21667437	-0.296535	0.790761	7.93232	-0.00767177	-0.233989	-0.159829	3237000	0.634747	2.22293	0	3.35212
21667634	-0.617782	1.60623	11.2931	0.0511451	0.00383588	0.00255726	3237200	0.634747	2.22293	0	4.38924
21667836	0.370669	2.96535	8.87135	0.116355	-0.108683	0.222481	3237400	0.634747	2.22293	0	3.72252
21668033	-0.642494	0.96374	7.80877	0.0179008	0.395096	-0.0242939	3237600	0.634747	2.22293	0	3.77808
21668233	-0.0741339	1.38383	11.812	-0.159829	-0.010229	-0.141928	3237800	0.634747	2.22293	0	4.3522
21668438	-0.345958	4.84341	9.53856	-0.754391	-0.0319657	-0.351623	3238000	0.634747	2.22293	0	3.07432
21668635	-0.321247	0.889606	9.09375	-0.21481	-0.140649	-0.0319657	3238200	0.634747	2.22293	0	3.37064
21668834	-0.518937	1.03787	12.2321	0.0255726	0.054981	0.172615	3238400	0.634747	2.22293	0	4.01884
21669035	0.864895	3.60785	9.24202	-0.455192	0.235268	-0.00511451	3238600	0.634747	2.22293	0	3.01876
21669234	0	1.5321	8.47597	0.0268512	0.107405	-0.0741604	3238800	0.634747	2.22293	0	3.55584
21669436	-0.444803	1.58152	11.7873	-0.0703246	0.00511451	-0.0460306	3239000	0.634747	2.22293	0	3.85216
21669635	-0.815473	4.29976	9.88452	-0.663608	-0.111241	-0.13042	3239200	0.634747	2.22293	0	2.72244
21669834	-0.321247	1.5321	9.31616	-0.0779963	-0.0741604	-0.0319657	3239400	0.634747	2.22293	0	3.241
21670036	-0.0494226	1.11201	11.7132	-0.0140649	0.0460306	0.141928	3239600	0.634747	2.22293	0	3.241
21670234	0.247113	3.58314	9.61269	-0.592005	0.303035	0.118912	3239800	0.634747	2.22293	0	2.6854
21670435	-0.247113	1.5321	9.1926	-0.28002	-0.0127863	-0.0562596	3240000	0.634747	2.22293	0	2.6854
21670640	0.296535	1.77921	10.9718	-0.271069	0.0843895	-0.034523	3240200	0.634747	2.22293	0	2.778
21670831	-0.0247113	3.41016	9.01962	-0.246775	0.126584	-0.132977	3240400	0.634747	2.22293	0	2.24092
21671030	-1.06259	1.80392	8.67366	-0.0831108	-0.148321	-0.0639314	3240600	0.634747	2.22293	0	1.90756
21671242	-0.148268	1.95219	10.6259	0.213531	0.0588169	0.176451	3240800	0.634747	2.22293	0	1.96312
21671435	0.148268	3.95381	11.2436	-0.034523	0.230153	0.245497	3241000	0.634747	2.22293	0	1.6668
21671630	0.0741339	2.47113	9.1926	-0.0767177	0.166222	0.0613742	3241200	0.634747	2.22293	0	1.53716
21671832	-0.543648	2.47113	10.1069	0.225039	-0.0600955	-0.0716032	3241400	0.634747	2.22293	0	1.24084
21672032	-0.172979	2.47113	10.0081	0.126584	-0.272348	-0.23271	3241600	0.634747	2.22293	0	1.14824
21672232	-0.296535	3.03949	9.71154	-0.06521	-0.155993	-0.112519	3241800	0.634747	2.22293	0	1.07416
