22075837	-2.29815	-9.95865	0.642494	-0.101012	0.0805536	-0.0920612	45200	0.634745	2.22293	0	0.7408
22075900	-2.10046	-9.95865	0.939029	-0.0639314	0.0319657	-0.108683	45400	0.634745	2.22293	0	0.72228
22076024	-1.3097	-9.6374	1.5321	0.0600955	-0.103569	-0.0767177	45600	0.634745	2.22293	0	0.72228
22076225	-1.45797	-9.8598	1.35912	-0.0920612	0.0358016	0.0434734	45800	0.634745	2.22293	0	0.70376
22076428	-1.38383	-9.90923	0.988452	0.0217367	-0.0562596	0.0409161	46000	0.634745	2.22293	0	0.72228
22076633	-1.9769	-10.1069	0.939029	0.0946185	0.0268512	0.166222	46200	0.634745	2.22293	0	0.72228
22076824	-2.10046	-10.3293	0.667205	-0.0664887	0.106126	-0.154714	46400	0.634745	2.22293	0	0.7408
22077022	-1.68037	-10.7988	0.790761	-0.258283	0.0485879	0.397653	46600	0.634745	2.22293	0	0.77784
22077233	-3.01478	-8.77251	1.7545	0.565154	0.0358016	-0.318378	46800	0.634745	2.22293	0	0.79636
22077426	-2.44642	-10.1563	1.06259	-0.168779	0.120191	-0.236546	47000	0.634745	2.22293	0	0.87044
22077622	-1.5321	-13.2205	0.247113	-0.41939	0.132977	0.115077	47200	0.634745	2.22293	0	0.926
22077821	-0.864895	-10.0081	2.24873	-0.292806	-0.221203	0.0882253	47400	0.634745	2.22293	0	0.96304
22078024	-0.691916	-8.25357	-0.19769	-0.145764	-0.13937	0.0907826	47600	0.634745	2.22293	0	1.00008
22078222	-2.44642	-12.1332	0.0494226	-0.64315	0.148321	-0.0409161	47800	0.634745	2.22293	0	1.05564
22078427	-2.66882	-8.57482	1.28499	0.187958	0.103569	0.0434734	48000	0.634745	2.22293	0	1.14824
22078623	-1.43325	-7.95703	-0.716627	-0.104848	0.116355	-0.13937	48200	0.634745	2.22293	0	1.16676
22078827	-1.7545	-15.1233	3.45958	0.0933399	-0.239103	-0.099733	48400	0.634745	2.22293	0	1.22232
22079025	-1.28499	-7.8829	-0.76605	-0.0409161	-0.0613742	-0.287691	48600	0.634745	2.22293	0	1.2964
22079237	-1.23556	-11.6143	-0.469514	-0.219924	0.176451	0.120191	48800	0.634745	2.22293	0	1.92608
22079430	-2.24873	-10.2799	1.38383	0.225039	0.350344	-0.0485879	49000	0.634745	2.22293	0	2.29648
22079626	-1.87806	-7.90761	-0.518937	-0.13937	0.176451	-0.281298	49200	0.634745	2.22293	0	2.42612
22079828	-1.63095	-13.6159	2.22402	0.26084	-0.106126	0.443684	49400	0.634745	2.22293	0	2.98172
22080026	-0.321247	-8.92078	-0.0494226	0.109962	0	-0.13937	49600	0.634745	2.22293	0	3.09284
22080229	-1.11201	-10.5023	-0.148268	-0.356737	0.126584	-0.010229	49800	0.634745	2.22293	0	3.59288
22080433	-1.65566	-10.0328	2.27344	0.0332443	0.157271	0.0115077	50000	0.634745	2.22293	0	4.05588
22080629	-1.06259	-6.15311	0.0494226	0.0140649	0.109962	-0.203302	50200	0.634745	2.22293	0	4.77816
22080831	-1.33441	-13.5171	-1.3097	-0.255726	-0.136813	0.196909	50400	0.634745	2.22293	0	5.22264
22081031	-0.247113	-9.415	2.17459	-0.0588169	-0.233989	-0.264676	50600	0.634745	2.22293	0	5.1856
22081231	-1.23556	-8.03117	0.296535	-0.421947	0.0434734	0.196909	50800	0.634745	2.22293	0	5.98196
22081434	-2.66882	-11.5402	1.77921	0.0728818	-0.140649	-0.0268512	51000	0.634745	2.22293	0	5.90788
22081632	-1.33441	-6.15311	0.296535	0.313264	0.0383588	-0.0242939	51200	0.634745	2.22293	0	5.90788
22081837	-1.70508	-13.5665	-1.40854	-0.1675	-0.189237	0.0204581	51400	0.634745	2.22293	0	5.40784
22082037	-1.01316	-9.83509	2.34757	0.290249	-0.231432	-0.0831108	51600	0.634745	2.22293	0	5.38932
22082233	-0.939029	-7.95703	0.840184	-0.237825	0.0511451	0.124027	51800	0.634745	2.22293	0	5.03744
22082443	-2.42171	-13.5171	2.56997	0.228874	-0.0434734	0.0767177	52000	0.634745	2.22293	0	4.63
22082633	-1.43325	-7.70992	0.222402	0.196909	0.0818322	-0.277462	52200	0.634745	2.22293	0	4.74112
22082832	-1.06259	-10.9965	-0.19769	-0.246775	-0.0294084	-0.118912	52400	0.634745	2.22293	0	4.66704
22083034	-0.593071	-10.7988	2.12517	0.135535	-0.258283	0.103569	52600	0.634744	2.22294	0	4.66704
22083230	-0.56836	-7.6605	0.76605	-0.319657	-0.191794	0.159829	52800	0.634744	2.22294	0	4.31516
22083433	-1.23556	-13.0228	-1.33441	-0.809372	0.101012	0.0319657	53000	0.634744	2.22294	0	4.20404
22083629	-2.02633	-9.34087	-0.172979	0.202023	0.0856681	-0.0498665	53200	0.634744	2.22294	0	3.85216
22083830	-2.17459	-10.0822	-0.172979	-0.233989	-0.0537024	-0.0166222	53400	0.634744	2.22294	0	3.40768
22084030	0.123556	-9.46442	1.06259	0.296642	-0.198187	0.0971757	53600	0.634744	2.22294	0	3.44472
22084231	-0.840184	-7.83348	0.864895	-0.0856681	-0.0741604	0.216088	53800	0.634744	2.22294	0	3.46324
22084444	-1.7545	-13.8136	-1.55681	-0.432176	0.1675	-0.126584	54000	0.634744	2.22294	0	3.81512
22084634	-2.27344	-10.2799	1.28499	0.34523	0.0383588	0.0268512	54200	0.634744	2.22294	0	4.57444
22084831	-1.23556	-8.35242	-0.642494	-0.191794	0.0281298	-0.281298	54400	0.634744	2.22294	0	4.01884
22085032	-1.5321	-13.7395	4.89284	0.331165	-0.0421947	0.0907826	54600	0.634744	2.22294	0	4.3522
22085229	-1.01316	-7.90761	-0.864895	0.0971757	-0.00127863	-0.0166222	54800	0.634744	2.22294	0	4.27812
22085434	-0.939029	-11.466	-1.23556	-0.299199	0.103569	0.00511451	55000	0.634744	2.22294	0	4.29664
22085632	-2.10046	-9.29144	1.85335	-0.0089504	0.207138	0.0140649	55200	0.634744	2.22294	0	4.29664
22085830	-0.988452	-7.98175	0.0741339	-0.0255726	0.0319657	-0.122748	55400	0.634744	2.22294	0	4.167
22086029	-0.988452	-12.5286	0.321247	0.331165	-0.374638	-0.0127863	55600	0.634744	2.22294	0	4.05588
22086229	-1.0873	-9.16789	-0.642494	0.377195	-0.18668	0.0677673	0	0	0	0	0
22086273	-0.914318	-7.95703	-0.296535	0.208416	-0.177729	0.189237	55800	0.634744	2.22294	0	3.55584
22086443	-1.13672	-10.6753	-0.939029	-0.405325	0.237825	-0.161107	56000	0.634744	2.22294	0	3.53732
22086629	-1.63095	-9.43971	2.02633	0.0089504	0.0511451	0.00127863	56200	0.634744	2.22294	0	2.8706
22086829	-1.03787	-7.09214	0.420092	-0.0460306	0.0716032	-0.0703246	56400	0.634744	2.22294	0	2.94468
22087029	-0.864895	-13.097	-2.10046	-0.920612	-0.250611	0.0370802	56600	0.634744	2.22294	0	3.50028
22087230	-0.914318	-9.68683	0.420092	0.203302	-0.193073	-0.125306	56800	0.634744	2.22294	0	3.94476
22087432	-0.76605	-8.94549	-0.370669	-0.0920612	0.0843895	0.034523	57000	0.634744	2.22294	0	4.46332
22087629	-2.34757	-12.6275	0.543648	0.517844	0.231432	0.286413	57200	0.634744	2.22294	0	4.59296
22087830	-1.0873	-8.67366	-0.395381	0.430898	0.0089504	-0.161107	57400	0.634744	2.22294	0	4.61148
22088029	-1.70508	-10.7741	-1.26028	-0.464142	-0.0498665	-0.0473092	57600	0.634744	2.22294	0	4.51888
22088230	-0.840184	-10.0575	1.01316	0.212252	-0.236546	-0.0946185	57800	0.634744	2.22294	0	4.11144
22088432	-0.76605	-7.90761	0.444803	-0.044752	-0.117634	0.28002	58000	0.634744	2.22294	0	3.704
22088629	-1.3097	-13.0476	-1.77921	-0.395096	-0.0191794	-0.044752	58200	0.634744	2.22294	0	3.27804
22088830	-2.32286	-9.83509	0.0741339	0.209695	0.181565	-0.166222	58400	0.634744	2.22294	0	3.16692
22089029	-1.43325	-9.1926	-0.642494	-0.277462	-0.0524238	0.0281298	58600	0.634744	2.22294	0	3.12988
22089230	-1.58152	-13.3935	2.10046	0.168779	-0.0434734	0.010229	58800	0.634744	2.22294	0	3.11136
22089433	-1.3097	-8.20415	-0.741339	-0.0779963	-0.0409161	0.0613742	59200	0.634744	2.22294	0	3.20396
22089830	-2.42171	-9.11847	1.80392	0.0191794	0.420669	0.0537024	59400	0.634744	2.22294	0	3.1484
22090029	-1.5321	-8.00646	0	-0.0358016	0.134256	-0.303035	59600	0.634743	2.22294	0	2.38908
22090231	-0.617782	-12.158	-1.65566	-0.763341	-0.291527	0.193073	59800	0.634743	2.22294	0	2.35204
22090436	-1.03787	-9.71154	0.642494	0.127863	-0.122748	-0.0741604	60000	0.634743	2.22294	0	2.29648
22090635	-1.48268	-9.09375	-0.420092	-0.277462	0.346508	-0.034523	60200	0.634743	2.22294	0	2.38908
22090833	-2.47113	-11.1942	2.397	0.108683	0.103569	0.140649	60400	0.634743	2.22294	0	2.79652
22091030	-1.13672	-8.1053	0.0741339	0.0268512	0.42834	-0.162386	60600	0.634743	2.22294	0	2.83356
22091231	-2.02633	-11.5649	-0.914318	-0.0089504	0.0230153	0.0460306	60800	0.634743	2.22294	0	2.85208
22091434	-1.40854	-9.68683	2.54526	-0.109962	0.268512	0.0409161	61000	0.634743	2.22294	0	2.94468
22091629	-2.1993	-8.55011	1.38383	-0.0191794	0.966643	0.23271	61200	0.634743	2.22294	0	2.90764
22091830	-1.90277	-10.873	1.18614	-0.176451	1.75684	0.0217367	0	0	0	0	0
22091841	-1.65566	-11.1942	0.864895	-0.0434734	1.7172	0.0434734	61400	0.634743	2.22294	0	2.46316
22092030	-2.29815	-9.1926	0.790761	0.296642	1.58038	0.177729	61600	0.634743	2.22294	0	2.05572
22092231	-1.68037	-10.5764	-0.939029	0.301756	1.43078	-0.0306871	61800	0.634743	2.22294	0	1.50012
22092433	-0.840184	-12.3804	0.19769	0.32605	0.56899	0.239103	62000	0.634743	2.22294	0	1.44456
22092631	-1.48268	-8.82193	-1.18614	-0.0140649	0.233989	0.268512	62200	0.634743	2.22294	0	1.90756
22092831	-1.95219	-10.7741	-1.06259	0.0281298	0.47565	-0.168779	62400	0.634743	2.22294	0	1.90756
22093029	-2.22402	-9.1926	1.23556	0.0716032	0.427062	-0.0140649	62600	0.634743	2.22294	0	1.83348
22093230	-1.85335	-8.15473	-0.543648	-0.0370802	0.0984544	-0.379753	62800	0.634743	2.22294	0	1.83348
22093445	-1.5321	-12.7263	-2.1993	-0.6342	-0.0728818	-0.06521	63000	0.634743	2.22294	0	1.87052
22093629	-0.271824	-8.52539	1.70508	0.0281298	-0.264676	0.241661	0	0	0	0	0
22093651	-0.345958	-8.59953	1.55681	0.0179008	-0.216088	0.138092	63200	0.634743	2.22294	0	1.88904
22093829	-1.63095	-7.70992	0.518937	-0.0971757	-0.0843895	0.265955	63400	0.634743	2.22294	0	1.90756
22094030	-2.17459	-12.1332	-1.60623	-0.387424	0.244218	0.0792749	63600	0.634743	2.22294	0	2.00016
22094230	-1.95219	-9.46442	-0.939029	0.28002	0.0933399	-0.0818322	63800	0.634743	2.22294	0	2.07424
22094433	-1.68037	-10.2799	-1.3097	-0.332443	-0.0153435	-0.203302	64000	0.634743	2.22294	0	2.14832
22094631	-1.68037	-10.9718	2.05104	0.0179008	-0.23271	0.0907826	64200	0.634743	2.22294	0	2.2224
22094830	-0.988452	-8.64895	-0.296535	0.374638	0.0383588	0.0958971	0	0	0	0	0
22094841	-1.3097	-7.98175	-0.518937	0.129141	0.0268512	0.129141	64400	0.634743	2.22294	0	2.315
22095030	-1.26028	-11.5402	-1.01316	0.242939	0.135535	-0.101012	64600	0.634743	2.22294	0	2.4076
22095230	-2.07575	-9.76096	1.43325	0.152157	0.381031	0.147042	64800	0.634743	2.22294	0	2.51872
22095434	-1.45797	-8.55011	-0.642494	-0.25189	-0.010229	-0.222481	65000	0.634743	2.22294	0	3.01876
22095630	-2.10046	-13.5665	1.7545	-0.253168	-0.124027	0.29792	65200	0.634743	2.22294	0	3.40768
22095830	-1.33441	-8.47597	-0.123556	0.200745	-0.132977	-0.257004	65400	0.634743	2.22294	0	3.704
22096029	-1.40854	-9.95865	-0.469514	-0.254447	0.0907826	0.00383588	65600	0.634743	2.22294	0	3.62992
22096240	-2.49584	-9.68683	1.82864	0.194351	0.437291	0.212252	65800	0.634743	2.22294	0	3.18544
22096433	-1.16143	-7.09214	-0.296535	0.0907826	0.189237	-0.3171	66000	0.634744	2.22294	0	3.09284
22096631	-1.7545	-12.7757	-1.70508	-0.474371	-0.099733	0.221203	66200	0.634744	2.22294	0	3.0558
22096829	-0.741339	-9.68683	1.85335	0.115077	-0.115077	-0.22376	66400	0.634744	2.22294	0	3.0558
22097030	-1.28499	-8.7478	0.19769	-0.337558	0.118912	0.148321	66600	0.634744	2.22294	0	3.7966
22097229	-2.6194	-13.1711	1.35912	0.0396375	0.150878	0.153435	66800	0.634744	2.22294	0	3.7966
22097432	-1.21085	-7.4381	-0.222402	0.411718	0.127863	-0.356737	67000	0.634744	2.22294	0	3.75956
22097629	-1.58152	-12.0344	-0.518937	-0.0140649	-0.127863	0.0869467	67200	0.634744	2.22294	0	3.66696
22097830	-0.148268	-10.0328	1.60623	-0.0294084	-0.398932	-0.0409161	67400	0.634744	2.22294	0	3.66696
22098030	-1.43325	-7.14156	0.420092	-0.0396375	-0.177729	0.311985	67600	0.634744	2.22294	0	3.68548
22098230	-1.92748	-12.4298	-0.518937	-0.469257	0.253168	-0.0473092	67800	0.634744	2.22294	0	3.68548
22098439	-2.12517	-8.55011	-0.494226	0.0792749	0.099733	-0.208416	68000	0.634744	2.22294	0	3.1484
22098639	-1.40854	-10.8483	-0.790761	-0.322214	0.0268512	-0.0434734	68200	0.634744	2.22294	0	3.07432
22098829	-0.939029	-11.2683	1.65566	0.143206	-0.227596	0.0332443	68400	0.634744	2.22294	0	3.16692
22099027	-1.01316	-8.59953	-0.395381	0.407882	-0.109962	0.248054	68600	0.634744	2.22294	0	3.62992
22099237	-2.24873	-12.8746	-1.7545	-0.361852	0.181565	-0.00639314	68800	0.634744	2.22294	0	4.09292
22099430	-2.14988	-8.79722	1.80392	-0.0920612	0.340115	0.103569	69000	0.634744	2.22294	0	4.14848
22099626	-1.43325	-8.57482	-0.444803	-0.253168	0.0703246	-0.200745	69200	0.634744	2.22294	0	3.66696
22099837	-1.13672	-11.6884	-2.59469	-1.8425	-0.359295	0.0281298	69400	0.634744	2.22294	0	3.6114
22100027	-1.68037	-9.83509	-0.543648	0.338836	-0.159829	-0.0421947	69600	0.634744	2.22294	0	3.92624
22100230	-1.5321	-9.34087	-1.11201	-0.109962	0.228874	0.0677673	69800	0.634744	2.22294	0	3.94476
22100434	-2.1993	-9.46442	1.77921	0.00255726	0.06521	0.108683	70000	0.634744	2.22294	0	3.6114
22100631	-1.9769	-8.79722	0.148268	0.645707	0.00639314	-0.162386	70200	0.634744	2.22294	0	3.66696
22100831	-1.92748	-12.2815	-1.13672	-0.294084	-0.163664	-0.0383588	70400	0.634744	2.22294	0	3.74104
22101029	-0.0741339	-9.11847	1.5321	0.218645	-0.253168	-0.117634	70600	0.634744	2.22294	0	4.3522
22101240	-1.60623	-8.17944	0.271824	-0.0767177	0.0613742	0.129141	70800	0.634744	2.22294	0	4.46332
22101434	-2.22402	-13.4924	2.49584	0.0319657	0.154714	0.134256	71000	0.634744	2.22294	0	4.55592
22101630	-1.60623	-8.35242	0.0988452	0.453913	0.00767177	-0.221203	71200	0.634744	2.22294	0	4.87076
22101831	-1.01316	-11.1695	-0.420092	-0.313264	-0.127863	-0.120191	71400	0.634744	2.22294	0	4.51888
22102031	-0.840184	-9.81038	1.70508	0.0153435	-0.313264	0.0792749	71600	0.634744	2.22294	0	4.46332
22102229	-1.33441	-7.09214	1.13672	-0.267233	-0.0242939	0.32605	71800	0.634744	2.22294	0	4.50036
22102433	-2.29815	-14.1101	-1.11201	-0.510173	0.324772	-0.0818322	72000	0.634744	2.22294	0	4.09292
22102632	-2.22402	-8.69837	-0.321247	-0.0166222	0.212252	-0.161107	72200	0.634744	2.22294	0	4.03736
22102831	-1.65566	-8.27828	-0.395381	-0.166222	-0.034523	-0.191794	72400	0.634744	2.22294	0	4.00032
22103031	-1.58152	-13.9866	3.60785	0.267233	-0.237825	0.175172	72600	0.634744	2.22294	0	3.40768
22103231	-1.13672	-9.66211	-0.296535	0.303035	-0.0869467	-0.0575383	72800	0.634744	2.22294	0	3.44472
22103432	-1.03787	-9.16789	-1.16143	-0.442405	0.135535	0.0396375	73000	0.634744	2.22294	0	3.50028
22103631	-2.86651	-12.2321	2.79238	0.19563	-0.0332443	0.0971757	73200	0.634744	2.22294	0	3.62992
22103832	-1.9769	-7.90761	0.123556	0.392539	-0.109962	-0.259562	73400	0.634744	2.22294	0	3.6114
22104030	-2.17459	-10.9718	-1.50739	-0.314543	-0.104848	-0.1496	73600	0.634744	2.22294	0	3.96328
22104229	-2.74295	-22.3884	16.9272	2.8117	-0.273626	0.460306	73800	0.634744	2.22294	0	4.7226
22104433	-0.420092	-9.14318	0.691916	0.173893	0.227596	-0.148321	74000	0.634744	2.22294	0	4.64852
22104629	-1.26028	-7.56165	-0.76605	-0.438569	0.193073	0.129141	74200	0.634744	2.22294	0	4.57444
22104830	-2.52055	-13.2947	2.81709	0.502501	-0.06521	-0.199466	74400	0.634744	2.22294	0	4.48184
22105029	-0.864895	-8.03117	-0.0494226	0.161107	0.0511451	-0.141928	74600	0.634744	2.22294	0	4.12996
22105234	-1.13672	-11.1201	-1.01316	-0.200745	-0.216088	0.120191	74800	0.634744	2.22294	0	4.01884
22105435	-0.370669	-8.84664	1.85335	0.117634	-0.200745	-0.0626528	75000	0.634744	2.22294	0	3.6114
22105643	-1.5321	-8.08059	1.65566	-0.212252	0.0115077	0.305592	75200	0.634744	2.22294	0	3.48176
22105832	-1.77921	-12.3062	-0.494226	-0.41939	0.166222	-0.0255726	75400	0.634744	2.22294	0	3.4262
22106030	-2.59469	-9.11847	1.35912	0.171336	0.343951	-0.0792749	75600	0.634744	2.22294	0	3.3336
22106230	-1.18614	-8.13001	-0.56836	-0.430898	0.109962	-0.164943	75800	0.634744	2.22294	0	3.03728
22106445	-2.02633	-12.0344	2.89122	0.109962	0.0268512	0.274905	76000	0.634744	2.22294	0	3.3336
22106633	-1.68037	-9.56327	-0.0494226	0.420669	0.044752	0.190516	76200	0.634744	2.22294	0	3.35212
22106831	-1.90277	-9.51385	0.0988452	-0.118912	0.627806	-0.166222	76400	0.634744	2.22294	0	3.38916
22107043	-2.64411	-11.0707	0.889606	0.184122	0.92317	-0.212252	76600	0.634744	2.22294	0	2.88912
22107232	-2.32286	-7.56165	0.691916	0.285134	1.27863	0.00639314	76800	0.634744	2.22294	0	2.51872
22107435	-2.07575	-11.5649	-0.840184	0.313264	1.09962	0.196909	77000	0.634744	2.22294	0	2.14832
22107632	-1.43325	-10.6011	3.43487	-0.172615	1.12264	0.286413	77200	0.634744	2.22294	0	2.01868
22107832	-1.35912	-8.62424	0.395381	0.196909	1.19807	0.0984544	77400	0.634744	2.22294	0	0.29632
22108032	-1.3097	-11.812	-0.667205	-0.0281298	0.98838	0.0562596	77600	0.634744	2.22294	0	0.24076
22108233	-2.81709	-9.53856	1.13672	-0.145764	0.698131	-0.125306	77800	0.634744	2.22294	0	1.40752
22108437	-1.43325	-8.22886	-0.321247	-0.0958971	0.346508	-0.06521	78000	0.634744	2.22294	0	1.46308
22108633	-2.07575	-11.4166	-1.45797	-0.113798	-0.304314	0.384867	78200	0.634745	2.22294	0	1.55568
22108831	-1.13672	-9.09375	0.691916	0.127863	-0.212252	-0.323493	78400	0.634745	2.22294	0	1.6668
22109032	-1.65566	-8.89606	-0.741339	-0.467978	0.0882253	0.0217367	78600	0.634745	2.22294	0	1.79644
22109228	-2.52055	-13.9372	2.81709	0.938513	0.136813	0.208416	78800	0.634745	2.22294	0	2.16684
22109443	-1.3097	-7.98175	-0.247113	0.313264	0.185401	-0.329886	79000	0.634745	2.22294	0	2.315
22109628	-1.50739	-11.4413	-0.815473	-0.054981	-0.0971757	-0.0281298	79200	0.634745	2.22294	0	2.44464
22109832	-0.345958	-10.1069	3.11362	-0.0166222	-0.335001	-0.00767177	79400	0.634745	2.22294	0	2.778
22110029	-1.45797	-7.53694	1.11201	-0.21481	-0.0843895	0.304314	79600	0.634745	2.22294	0	2.88912
22110232	-2.22402	-12.7757	-1.80392	-0.620135	0.10229	-0.0396375	79800	0.634745	2.22294	0	3.5188
22110431	-1.72979	-9.415	0.0247113	0.415554	0.159829	-0.120191	80000	0.634745	2.22294	0	3.87068
22110629	-1.65566	-9.46442	-0.741339	-0.490993	-0.00383588	-0.129141	80200	0.634745	2.22294	0	3.92624
22110829	-1.50739	-11.5402	2.32286	-0.0588169	-0.22376	0.157271	80400	0.634745	2.22294	0	4.2596
22111039	-1.33441	-8.37713	-0.172979	-0.0294084	-0.185401	0.106126	80600	0.634745	2.22294	0	4.29664
22111226	-1.72979	-11.2189	-1.0873	-0.116355	0.126584	0.0575383	80800	0.634745	2.22294	0	4.64852
22111432	-2.42171	-9.81038	0.840184	-0.00767177	0.262119	0.0831108	81000	0.634745	2.22294	0	4.63
22111633	-1.38383	-8.45126	0.0494226	-0.0473092	0.0485879	-0.204581	81200	0.634745	2.22294	0	4.59296
22111839	-1.16143	-12.158	-1.35912	-0.620135	-0.44752	0.0537024	81400	0.634745	2.22294	0	4.68556
22112039	-1.06259	-9.36558	0.148268	0.246775	-0.246775	0.0498665	81600	0.634745	2.22294	0	4.55592
22112229	-0.939029	-9.93394	-1.3097	-0.233989	0.180287	0.152157	81800	0.634745	2.22294	0	4.20404
22112432	-2.91593	-10.7	2.05104	-0.0332443	0.054981	-0.294084	82000	0.634745	2.22294	0	4.22256
22112629	-0.889606	-7.70992	-0.0494226	0.106126	0.129141	-0.333722	82200	0.634745	2.22294	0	4.18552
22112829	-1.35912	-11.5896	-1.13672	-0.268512	-0.127863	0.184122	82400	0.634745	2.22294	0	4.33368
22113027	-0.19769	-10.0081	2.69353	-0.0920612	-0.157271	0.06521	82600	0.634745	2.22294	0	4.3522
22113227	-0.96374	-7.48752	0.815473	-0.199466	-0.0421947	0.341394	82800	0.634745	2.22294	0	4.29664
22113433	-2.02633	-13.9372	-0.123556	-0.41044	0.109962	-0.00383588	83000	0.634745	2.22294	0	4.29664
22113630	-1.9769	-8.77251	-0.617782	0.537024	-0.0843895	-0.268512	83200	0.634745	2.22294	0	4.22256
22113826	-1.26028	-9.51385	-0.914318	-0.109962	-0.0971757	-0.187958	83400	0.634745	2.22294	0	3.92624
22114027	-0.939029	-12.1085	1.35912	0.161107	-0.144485	0.177729	83600	0.634745	2.22294	0	4.40776
22114237	-1.55681	-7.80877	0.0741339	-0.0332443	-0.235268	0.342672	83800	0.634745	2.22294	0	4.48184
22114430	-1.85335	-11.466	-0.840184	-0.0882253	0.205859	-0.388703	84000	0.634745	2.22294	0	4.14848
22114627	-1.68037	-8.79722	2.10046	-0.0319657	0.378474	0.0600955	84200	0.634745	2.22294	0	4.12996
22114827	-1.11201	-7.24041	0.271824	0.0473092	0.189237	-0.164943	84400	0.634745	2.22294	0	4.12996
22115036	-0.593071	-12.8252	-1.45797	-0.557482	-0.301756	0.162386	84600	0.634745	2.22294	0	4.46332
22115226	-0.420092	-9.95865	1.63095	0.217367	-0.132977	0.00767177	84800	0.634745	2.22294	0	4.55592
22115429	-0.939029	-7.80877	-0.494226	-0.638035	0.0907826	0.0664887	85000	0.634745	2.22294	0	4.50036
22115625	-2.34757	-12.8252	1.01316	-0.285134	0.249333	0.00639314	85200	0.634745	2.22294	0	4.50036
22115826	-1.13672	-8.52539	-0.271824	0.51273	0.0958971	-0.258283	85400	0.634746	2.22294	0	4.4448
22116026	-1.01316	-10.7494	-0.988452	-0.355459	-0.13937	-0.089504	85600	0.634746	2.22294	0	4.3522
22116226	-0.321247	-9.83509	1.26028	0.204581	-0.327329	-0.113798	85800	0.634746	2.22294	0	4.33368
22116440	-0.444803	-7.46281	1.26028	-0.176451	-0.0600955	0.398932	86000	0.634746	2.22294	0	4.27812
22116637	-2.14988	-13.6159	0.0494226	-0.299199	0.281298	0.0818322	86200	0.634746	2.22294	0	4.20404
22116836	-1.82864	-8.87135	0.667205	0.18668	0.291527	-0.0473092	86400	0.634746	2.22294	0	4.14848
22117027	-1.11201	-8.69837	-0.543648	-0.237825	0.0089504	-0.200745	86600	0.634746	2.22294	0	4.18552
22117237	-1.21085	-13.863	4.3739	0.0460306	0.0421947	-0.0958971	86800	0.634746	2.22294	0	4.79668
22117429	-1.03787	-8.87135	-0.543648	0.190516	-0.0639314	0.143206	87000	0.634746	2.22294	0	4.79668
22117628	-1.13672	-9.66211	-0.543648	-0.0984544	0.0971757	-0.0281298	87200	0.634746	2.22294	0	4.83372
22117836	-1.85335	-9.415	2.24873	-0.12147	0.0984544	0.222481	87400	0.634746	2.22294	0	4.94484
22118026	-1.28499	-7.4381	0.370669	0.0588169	0.125306	-0.205859	87600	0.634746	2.22294	0	4.88928
22118227	-1.0873	-12.578	-1.33441	-0.0396375	-0.127863	0.101012	87800	0.634746	2.22294	0	4.8152
22118429	0.617782	-10.1316	2.74295	-0.135535	-0.22376	0.00255726	88000	0.634746	2.22294	0	4.79668
22118626	-1.43325	-7.2157	0.815473	-0.164943	0.0166222	0.304314	88200	0.634746	2.22294	0	4.22256
22118826	-2.29815	-12.9734	-1.3097	-0.212252	0.221203	0.0575383	88400	0.634746	2.22294	0	4.29664
22119027	-2.29815	-9.6374	0.988452	0.332443	0.116355	-0.00127863	88600	0.634746	2.22294	0	4.167
22119226	-1.72979	-9.48913	0.0247113	-0.204581	0.00127863	-0.199466	88800	0.634746	2.22294	0	4.12996
22119430	-1.43325	-13.8877	4.10207	0.498665	-0.122748	-0.0089504	89000	0.634746	2.22294	0	4.24108
22119625	-1.48268	-8.89606	-0.642494	0.225039	-0.131699	0.180287	89200	0.634746	2.22294	0	4.18552
22119826	-1.5321	-9.76096	-0.716627	-0.271069	0.226317	-0.107405	89400	0.634746	2.22294	0	4.18552
22120027	-1.68037	-9.48913	2.32286	0.116355	0.107405	0.125306	89600	0.634746	2.22294	0	4.18552
22120236	-0.840184	-7.80877	0.642494	0.109962	0.0805536	-0.25189	89800	0.634746	2.22294	0	4.167
22120429	-1.45797	-12.3804	-0.345958	-0.0421947	-0.112519	-0.0230153	90000	0.634746	2.22294	0	4.167
22120626	-0.247113	-10.0575	3.63256	-0.150878	-0.245497	0.168779	90200	0.634746	2.22294	0	4.167
22120836	-1.0873	-7.46281	0.939029	-0.181565	0.0818322	0.0690459	90400	0.634746	2.22294	0	4.14848
22121026	-2.02633	-13.5418	-0.939029	-0.328607	0.15855	0.0358016	90600	0.634746	2.22294	0	4.59296
22121225	-2.12517	-9.76096	1.3097	0.342672	0.269791	-0.109962	90800	0.634746	2.22294	0	4.50036
22121430	-1.18614	-8.57482	-0.444803	-0.414276	0.089504	-0.0882253	91000	0.634746	2.22294	0	4.42628
22121627	-1.13672	-14.036	3.7314	0.36313	-0.0140649	-0.0421947	91200	0.634746	2.22294	0	4.38924
22121826	-0.914318	-9.01962	-0.19769	0.157271	-0.00383588	0.0498665	91400	0.634747	2.22294	0	4.38924
22122027	-0.914318	-9.01962	-0.642494	-0.350344	0.0946185	-0.0626528	91600	0.634747	2.22294	0	4.5374
22122227	-2.10046	-11.0707	2.91593	0.342672	-0.125306	0.0779963	91800	0.634747	2.22294	0	4.46332
22122430	-1.28499	-8.35242	0.543648	0.120191	0.0805536	-0.236546	92000	0.634747	2.22294	0	4.4448
22122626	-1.38383	-10.7247	-0.617782	-0.107405	-0.22376	-0.0537024	92200	0.634747	2.22294	0	4.40776
22122825	-1.01316	-11.466	3.13833	-0.0498665	-0.25189	-0.0818322	92400	0.634747	2.22294	0	3.90772
22123026	-2.10046	-7.8829	0.96374	-0.0588169	0.574104	0.318378	92600	0.634747	2.22294	0	3.5188
22123236	-2.37228	-11.2683	-0.148268	-0.355459	1.29781	0.113798	92800	0.634747	2.22294	0	2.90764
22123428	-3.36074	-9.58798	3.11362	0.170058	1.76834	0.107405	93000	0.634747	2.22294	0	2.4076
22123626	-1.21085	-8.87135	1.43325	0.222481	1.81182	-0.163664	93200	0.634747	2.22294	0	1.62976
22123832	-0.247113	-11.2189	-1.55681	-0.39126	0.85796	-0.0562596	93400	0.634747	2.22294	0	1.55568
22124029	-0.518937	-9.16789	2.81709	0.0473092	0.411718	0.282577	93600	0.634747	2.22294	0	0.85192
22124240	-0.840184	-8.59953	0.939029	-0.0613742	0.595841	0.108683	93800	0.634747	2.22294	0	0.85192
22124444	-1.60623	-11.3672	0.444803	-0.336279	0.499944	0.10229	94000	0.634747	2.22294	0	1.852
22124628	-2.10046	-8.79722	0.642494	0.0434734	0.51273	-0.054981	94200	0.634747	2.22294	0	1.90756
22124828	-1.06259	-9.61269	-0.543648	-0.196909	0.122748	0.0166222	94400	0.634747	2.22294	0	2.01868
22125025	-1.06259	-13.4429	3.68198	0.175172	-0.397653	-0.0856681	94600	0.634747	2.22294	0	2.46316
22125229	-1.72979	-8.64895	-0.494226	0.213531	-0.254447	0.242939	94800	0.634747	2.22294	0	2.94468
22125431	-1.40854	-10.8483	-0.790761	0.0779963	0.0255726	-0.124027	95000	0.634747	2.22294	0	3.0558
22125629	-2.47113	-7.98175	2.397	0.0089504	0.338836	0.0191794	95200	0.634747	2.22294	0	3.01876
22125828	-0.815473	-8.52539	0.271824	0.0358016	0.203302	-0.233989	95400	0.634747	2.22294	0	3.0558
22126028	-1.48268	-12.2815	-0.864895	-0.173893	-0.0524238	0.0396375	95600	0.634747	2.22294	0	3.35212
22126227	0.593071	-8.79722	2.89122	-0.34523	-0.10229	0.263397	95800	0.634747	2.22294	0	3.01876
22126430	-0.96374	-7.11685	1.23556	-0.145764	0.0204581	0.338836	96000	0.634747	2.22294	0	4.11144
22126628	-1.92748	-14.7032	-0.444803	-0.416833	0.171336	-0.0792749	96200	0.634747	2.22294	0	4.63
22126825	-1.70508	-9.06904	0.0494226	0.254447	0.10229	-0.0140649	96400	0.634747	2.22294	0	3.59288
22127025	-1.87806	-9.34087	-0.518937	-0.269791	-0.0434734	-0.254447	96600	0.634747	2.22294	0	4.24108
22127227	-0.716627	-13.097	3.63256	0.241661	-0.106126	0.06521	96800	0.634747	2.22294	0	4.29664
22127440	-1.13672	-8.08059	-0.889606	0.268512	-0.113798	0.161107	97000	0.634747	2.22294	0	4.24108
22127629	-1.13672	-11.2189	-0.790761	-0.00127863	0.143206	-0.196909	97200	0.634747	2.22294	0	4.167
22127826	-1.77921	-8.82193	3.03949	-0.0306871	0.228874	-0.0575383	97400	0.634747	2.22294	0	3.66696
22128026	-0.96374	-7.98175	0.469514	-0.06521	0.107405	-0.0907826	97600	0.634747	2.22294	0	3.6114
22128227	-1.18614	-12.578	-1.48268	-0.208416	-0.154714	-0.00127863	97800	0.634747	2.22294	0	4.22256
22128430	-0.518937	-9.09375	2.397	-0.190516	-0.131699	0.171336	98000	0.634747	2.22294	0	3.90772
22128626	-1.03787	-7.51223	1.0873	-0.116355	0.0383588	0.207138	98200	0.634747	2.22294	0	3.94476
22128825	-1.18614	-13.863	1.0873	-0.129141	0.241661	0.38231	98400	0.634746	2.22294	0	3.94476
22129027	-1.45797	-9.01962	0.271824	0.434734	-0.0754391	-0.301756	98600	0.634746	2.22294	0	3.92624
22129226	-1.18614	-9.58798	-0.370669	-0.182844	-0.173893	-0.184122	98800	0.634746	2.22294	0	4.03736
22129429	-0.939029	-11.985	2.79238	0.470535	-0.132977	0.258283	99000	0.634746	2.22294	0	4.66704
22129626	-1.28499	-9.39029	0.19769	0.236546	-0.180287	0.217367	99200	0.634746	2.22294	0	4.74112
22129823	-1.33441	-10.9718	-0.321247	-0.412997	0.12147	-0.0511451	99400	0.634746	2.22294	0	5.53748
22130023	-2.29815	-7.93232	3.53371	-0.0409161	0.219924	0.140649	99600	0.634746	2.22294	0	5.38932
22130223	-1.43325	-7.8829	0.76605	-0.203302	0.129141	-0.246775	99800	0.634746	2.22294	0	5.07448
22130427	-0.914318	-12.924	-1.77921	-0.397653	-0.168779	0.0370802	100000	0.634746	2.22294	0	5.093
22130623	-0.395381	-9.51385	1.60623	0.0843895	-0.116355	-0.103569	100200	0.634746	2.22294	0	4.2596
22130833	-0.741339	-7.80877	0.345958	-0.227596	0.262119	0.221203	100400	0.634746	2.22294	0	4.75964
22131024	-2.17459	-13.7148	2.02633	-0.054981	0.538302	-0.0255726	100600	0.634746	2.22294	0	5.07448
22131223	-1.60623	-7.80877	-0.691916	0.282577	0.236546	0.034523	100800	0.634746	2.22294	0	4.51888
22131428	-1.38383	-11.5896	-0.667205	-0.274905	-0.15855	-0.213531	101000	0.634746	2.22294	0	4.85224
22131623	-0.271824	-8.94549	0.96374	0.111241	-0.176451	0.0690459	101200	0.634746	2.22294	0	4.48184
22131824	-0.988452	-7.8829	0.518937	-0.124027	-0.116355	0.245497	101400	0.634746	2.22294	0	4.51888
22132023	-1.65566	-11.985	-1.3097	-0.207138	0.0089504	-0.126584	101600	0.634746	2.22293	0	4.9078
22132223	-1.72979	-8.94549	2.29815	-0.0843895	0.235268	0.0524238	101800	0.634746	2.22293	0	3.8892
22132428	-1.03787	-8.40184	-0.370669	-0.0779963	-0.00127863	-0.143206	102000	0.634746	2.22293	0	3.94476
22132627	-0.889606	-14.5302	2.79238	0.202023	-0.337558	0.221203	102200	0.634746	2.22293	0	4.3522
22132826	-0.988452	-9.11847	0.0741339	0.236546	-0.00255726	-0.044752	102600	0.634746	2.22293	0	4.79668
22133224	-2.49584	-11.7132	2.47113	0.0639314	0.13937	0.10229	102800	0.634746	2.22293	0	4.75964
22133427	-0.790761	-7.46281	0.0247113	0.111241	0.126584	-0.236546	103000	0.634746	2.22293	0	4.38924
22133623	-1.48268	-12.0591	-0.815473	-0.126584	-0.194351	-0.034523	103200	0.634746	2.22293	0	4.4448
22133824	0.123556	-9.26673	3.31131	-0.301756	-0.209695	0.0127863	103400	0.634746	2.22293	0	4.0744
22134033	-1.33441	-7.53694	1.82864	0.126584	-0.0958971	0.448799	103600	0.634746	2.22293	0	3.9818
22134224	-1.33441	-13.097	-0.617782	-0.150878	0.185401	-0.283855	103800	0.634746	2.22293	0	3.92624
22134427	-1.82864	-10.1069	1.03787	0.209695	0.187958	-0.173893	104000	0.634746	2.22293	0	3.241
22134623	-1.18614	-9.01962	-0.444803	-0.221203	0.0639314	-0.044752	104200	0.634746	2.22293	0	3.3336
22134823	-1.0873	-13.7148	2.52055	-0.0524238	-0.153435	-0.125306	104400	0.634746	2.22293	0	3.3336
22135023	-1.16143	-8.7478	-0.271824	0.239103	-0.010229	0.0882253	104600	0.634746	2.22293	0	3.20396
22135222	-0.395381	-9.21731	-0.494226	-0.240382	0.0869467	-0.0421947	104800	0.634746	2.22293	0	3.59288
22135427	-2.1993	-12.0591	2.69353	0.0127863	0.00511451	-0.00383588	105000	0.634746	2.22293	0	3.704
22135624	-1.63095	-8.00646	0.667205	0.170058	0.13042	-0.10229	105200	0.634746	2.22293	0	3.16692
22135821	-1.5321	-10.9965	-0.691916	-0.0779963	-0.0460306	-0.136813	105400	0.634746	2.22293	0	3.7966
22136023	-0.0494226	-9.61269	1.45797	0.131699	-0.272348	-0.253168	105600	0.634746	2.22293	0	3.83364
22136223	-1.18614	-7.33925	0.321247	0.0907826	-0.161107	0.310707	105800	0.634746	2.22293	0	3.75956
22136427	-0.96374	-13.1464	-0.518937	-0.253168	0.0281298	-0.0409161	106000	0.634746	2.22293	0	3.90772
22136624	-1.60623	-9.34087	1.82864	0.0600955	0.314543	-0.0434734	106200	0.634746	2.22293	0	3.6114
22136823	-1.23556	-8.50068	-0.123556	-0.19563	0.034523	-0.113798	106400	0.634746	2.22293	0	4.0744
22137024	-0.667205	-12.5039	1.0873	-0.103569	-0.164943	0.0460306	106600	0.634746	2.22293	0	4.4448
22137223	-1.35912	-10.0822	0.444803	0.416833	0.044752	-0.0179008	106800	0.634746	2.22293	0	3.96328
22137426	-0.96374	-9.46442	-0.222402	-0.196909	0.274905	0.0089504	107000	0.634746	2.22293	0	4.55592
22137623	-1.92748	-11.6637	2.76766	0.0728818	-0.0319657	-0.0204581	107200	0.634746	2.22293	0	4.4448
22137823	-1.28499	-7.58637	0.0741339	0.246775	0.18668	-0.187958	107400	0.634746	2.22293	0	4.00032
22138032	-1.21085	-11.6884	-1.0873	-0.111241	-0.00127863	0.0473092	107600	0.634746	2.22293	0	3.87068
22138223	-0.0741339	-9.68683	1.50739	-0.089504	-0.3171	0.044752	107800	0.634746	2.22293	0	3.7966
22138427	-1.03787	-7.31454	0.815473	-0.0958971	-0.0524238	0.41044	108000	0.634746	2.22293	0	3.50028
22138624	-1.95219	-12.924	-1.01316	-0.112519	0.18668	-0.0511451	108200	0.634746	2.22293	0	3.46324
22138823	-2.49584	-9.58798	2.22402	0.0728818	0.580497	-0.103569	108400	0.634746	2.22293	0	3.40768
22139023	-1.43325	-8.30299	-0.271824	-0.213531	0.310707	-0.204581	108600	0.634746	2.22293	0	3.07432
22139224	-1.16143	-11.812	-0.543648	-0.457749	-0.108683	0.0882253	108800	0.634746	2.22293	0	2.9632
22139428	-1.7545	-9.09375	2.00161	0.19563	0.483321	-0.00767177	109000	0.634746	2.22293	0	2.94468
22139623	-1.9769	-8.40184	0.667205	0.10229	1.1904	0.0958971	109200	0.634746	2.22293	0	2.9632
22139822	-1.33441	-9.76096	1.50739	-0.172615	1.9742	-0.116355	109400	0.634745	2.22293	0	2.4076
22140033	-2.29815	-9.48913	0.543648	0.318378	1.63409	0.237825	109600	0.634745	2.22293	0	1.31492
22140223	-1.5321	-10.3293	-0.543648	-0.0268512	1.27479	-0.107405	109800	0.634745	2.22293	0	0.68524
22140428	-0.716627	-12.2568	-0.840184	0.0984544	0.817043	0.358016	110000	0.634745	2.22293	0	0.24076
22140623	-0.76605	-8.50068	1.5321	-0.179008	0.191794	-0.283855	110200	0.634745	2.22293	0	0.20372
22140824	-1.40854	-9.81038	0.148268	0.0613742	0.240382	0.0127863	110400	0.634745	2.22293	0	1.53716
22141023	-1.77921	-11.9603	0.420092	-0.0537024	0.18668	-0.0920612	110600	0.634745	2.22293	0	1.53716
22141221	-1.90277	-8.15473	0.939029	0.18668	0.0537024	-0.248054	110800	0.634745	2.22293	0	1.59272
22141427	-1.48268	-11.2189	0.444803	0.131699	-0.22376	0.0242939	111000	0.634745	2.22293	0	1.74088
22141624	-1.3097	-12.3804	2.24873	-0.198187	-0.155993	-0.0140649	111200	0.634745	2.22293	0	1.79644
22141823	-1.43325	-8.40184	0.148268	0.323493	-0.108683	0.010229	111400	0.634745	2.22293	0	1.79644
22142023	-1.13672	-9.73625	-0.617782	-0.0818322	0.242939	-0.150878	111600	0.634745	2.22293	0	1.83348
22142223	-2.56997	-10.5764	2.86651	0.148321	0.101012	0.109962	111800	0.634745	2.22293	0	1.81496
22142428	-0.96374	-8.35242	-0.247113	0.106126	0.187958	-0.338836	112000	0.634745	2.22293	0	1.77792
22142623	-1.01316	-12.8993	-0.222402	-0.216088	-0.351623	0.228874	112200	0.634745	2.22293	0	1.74088
22142824	-0.889606	-9.88452	2.49584	-0.0767177	-0.212252	0.0242939	112400	0.634745	2.22293	0	1.72236
22143024	-1.5321	-8.37713	0.691916	-0.115077	0.0434734	0.372081	112600	0.634745	2.22293	0	1.74088
22143224	-2.1993	-12.2815	-0.494226	-0.313264	0.296642	0.176451	112800	0.634745	2.22293	0	1.77792
22143428	-1.60623	-8.30299	0.19769	0.285134	0.00511451	-0.285134	113000	0.634745	2.22293	0	1.83348
22143624	-1.48268	-10.6506	-0.518937	-0.328607	-0.230153	-0.0434734	113200	0.634745	2.22293	0	1.90756
22143835	-2.02633	-10.3293	2.69353	0.0754391	-0.244218	-0.117634	113400	0.634745	2.22293	0	2.00016
22144025	-1.7545	-6.89445	-0.593071	0.222481	0.0626528	0.366966	113600	0.634745	2.22293	0	2.37056
22144224	-1.28499	-12.7757	-1.23556	-0.219924	0.162386	-0.231432	113800	0.634745	2.22293	0	2.90764
22144429	-2.05104	-8.08059	1.7545	-0.0281298	0.514009	0.0856681	114000	0.634745	2.22293	0	2.94468
22144627	-1.21085	-8.52539	0.148268	0.0396375	0.0242939	-0.113798	114200	0.634745	2.22293	0	3.07432
22144828	-1.0873	-11.9603	-2.05104	-0.658494	-0.181565	0.0306871	114400	0.634745	2.22293	0	3.40768
22145031	-0.321247	-8.59953	1.3097	0.13937	-0.341394	0.0127863	114600	0.634745	2.22293	0	3.44472
22145241	-1.43325	-9.83509	0.593071	-0.227596	0.140649	0.129141	114800	0.634745	2.22293	0	3.8892
22145447	-1.95219	-12.7757	2.81709	0.0907826	0.0831108	0.0639314	115000	0.634745	2.22293	0	4.3522
22145632	-1.48268	-7.04272	-0.716627	0.531909	0.108683	-0.351623	115200	0.634745	2.22293	0	3.7966
22145832	-1.60623	-11.7626	-0.271824	-0.405325	-0.22376	0.286413	115400	0.634745	2.22293	0	3.7966
22146028	0.321247	-9.88452	1.48268	0.122748	-0.310707	-0.161107	115600	0.634745	2.22293	0	3.83364
22146229	-1.60623	-7.75934	0.370669	-0.13042	-0.124027	0.383588	115800	0.634745	2.22293	0	4.3522
22146434	-2.8418	-12.1085	-0.593071	-0.453913	0.203302	0.00255726	116000	0.634745	2.22293	0	4.22256
22146629	-2.54526	-8.82193	1.06259	0.210974	0.200745	-0.0473092	116200	0.634745	2.22293	0	3.55584
22146832	-2.00161	-10.2305	-0.518937	-0.0473092	-0.152157	-0.143206	116400	0.634745	2.22293	0	3.22248
22147032	-2.42171	-13.097	1.90277	0.0409161	0.0089504	-0.0588169	116600	0.634745	2.22293	0	3.241
22147232	-1.16143	-8.22886	0	0.0779963	0.0230153	0.107405	116800	0.634745	2.22293	0	2.75948
22147436	-2.05104	-9.95865	0.0247113	-0.208416	0.315821	-0.0882253	117000	0.634745	2.22293	0	2.35204
22147634	-2.12517	-9.31616	1.87806	0.19563	0.182844	0.0856681	117200	0.634745	2.22293	0	2.37056
22147836	-1.0873	-6.94387	-0.593071	0.292806	0.0358016	-0.36313	117400	0.634745	2.22293	0	2.4076
22148031	-1.90277	-13.0476	0.593071	-0.0498665	-0.145764	0.15855	117600	0.634745	2.22293	0	2.44464
22148231	-0.271824	-9.98336	3.0642	-0.328607	-0.255726	0.0831108	117800	0.634745	2.22293	0	2.5002
22148437	-1.28499	-7.83348	0.840184	-0.159829	-0.0115077	0.299199	118000	0.634745	2.22293	0	2.57428
22148634	-2.74295	-13.6901	0.172979	-0.441127	0.21481	0.347787	118200	0.634745	2.22293	0	2.57428
22148827	-1.77921	-8.35242	0.593071	0.286413	0.181565	-0.405325	118400	0.634745	2.22293	0	2.57428
22149039	-1.87806	-9.98336	-0.76605	-0.286413	-0.0396375	0.054981	118600	0.634745	2.22293	0	2.55576
22149227	-1.40854	-13.2205	3.90438	0.366966	-0.141928	-0.185401	118800	0.634745	2.22293	0	2.53724
22149433	-1.63095	-7.6605	-0.667205	0.0588169	-0.0703246	0.221203	119000	0.634745	2.22293	0	2.5928
22149629	-2.27344	-11.7626	-0.939029	-0.331165	0.22376	-0.116355	119200	0.634745	2.22293	0	3.241
22149828	-2.49584	-8.57482	2.12517	0.112519	0.34523	0.200745	119400	0.634745	2.22293	0	3.37064
22150028	-1.58152	-8.30299	0.321247	-0.0434734	0.089504	-0.190516	119600	0.634745	2.22293	0	3.8892
22150229	-1.21085	-12.924	0.691916	-0.29792	-0.254447	0.0920612	119800	0.634745	2.22293	0	3.83364
22150433	-1.21085	-8.55011	1.0873	0.157271	-0.127863	0.152157	120000	0.634744	2.22293	0	3.74104
22150631	-1.65566	-9.66211	0.56836	-0.250611	0.148321	0.00767177	120200	0.634744	2.22293	0	3.37064
22150829	-2.49584	-10.9965	2.74295	0.246775	0.0358016	-0.0831108	120400	0.634744	2.22293	0	3.241
22151028	-1.35912	-7.53694	0.172979	0.145764	0.0779963	-0.253168	120600	0.634744	2.22293	0	3.31508
22151232	-2.12517	-11.7626	-0.172979	-0.322214	-0.202023	0.0217367	120800	0.634744	2.22293	0	4.5374
22151437	-0.444803	-10.2799	2.81709	0.0153435	-0.0255726	-0.0575383	121000	0.634744	2.22293	0	5.01892
22151632	-0.444803	-7.58637	0.790761	-0.184122	0.104848	0.375917	121200	0.634744	2.22293	0	4.24108
22151832	-2.07575	-13.5171	-0.716627	-0.462863	0.145764	0.0958971	121400	0.634744	2.22293	0	3.83364
22152034	-1.92748	-9.31616	0.321247	0.310707	0.140649	-0.227596	121600	0.634744	2.22293	0	3.11136
22152232	-1.63095	-9.8598	-0.420092	-0.263397	-0.131699	-0.0217367	121800	0.634744	2.22293	0	3.09284
22152445	-0.864895	-10.6259	0.988452	0.136813	-0.187958	-0.0115077	122000	0.634744	2.22293	0	3.01876
22152634	-1.23556	-7.46281	-0.370669	0.118912	-0.116355	0.32605	122200	0.634744	2.22293	0	2.62984
22152833	-1.70508	-12.158	-0.543648	-0.108683	0.106126	-0.122748	122400	0.634744	2.22293	0	2.70392
22153034	-3.01478	-11.0212	2.91593	-0.0115077	0.396375	0.044752	122600	0.634744	2.22293	0	2.74096
22153236	-1.55681	-7.85819	-0.469514	-0.254447	0.112519	-0.181565	122800	0.634744	2.22293	0	2.72244
22153438	-1.60623	-12.0591	-1.63095	-0.531909	-0.216088	0.150878	123000	0.634744	2.22293	0	2.74096
22153634	-0.469514	-9.21731	0.840184	0.170058	-0.0946185	-0.0728818	123200	0.634744	2.22293	0	2.70392
22153835	-0.988452	-8.17944	0.543648	-0.292806	0.276184	0.168779	123400	0.634744	2.22293	0	2.70392
22154035	-2.397	-12.9487	2.6194	0.51273	0.117634	0.0664887	123600	0.634744	2.22293	0	2.6854
22154231	-0.939029	-7.19099	-0.247113	0.271069	0.134256	-0.175172	123800	0.634744	2.22293	0	2.61132
22154435	-1.35912	-11.4413	-0.271824	-0.291527	-0.218645	-0.0140649	124000	0.634744	2.22293	0	2.51872
22154628	-0.420092	-9.39029	1.55681	0.0664887	-0.28897	-0.0639314	124200	0.634744	2.22293	0	2.44464
22154829	-1.26028	-8.17944	0.642494	-0.0370802	0.0396375	0.460306	124400	0.634744	2.22293	0	2.37056
22155031	-2.66882	-13.4677	-0.667205	-0.318378	0.4846	-0.0664887	124600	0.634744	2.22293	0	2.315
22155233	-2.14988	-9.34087	1.26028	0.0626528	0.47565	-0.0537024	124800	0.634744	2.22293	0	2.29648
22155437	-1.90277	-9.51385	0.370669	-0.0294084	0.0907826	-0.0588169	125000	0.634744	2.22293	0	2.29648
22155633	-1.0873	-12.0344	-0.222402	-0.242939	-0.124027	-0.185401	125200	0.634744	2.22293	0	2.315
22155833	-1.77921	-9.66211	2.81709	0.213531	0.221203	-0.0140649	125400	0.634744	2.22293	0	2.315
22156032	-1.80392	-8.82193	1.16143	0.131699	1.28502	0.00511451	125600	0.634744	2.22293	0	2.27796
22156233	-1.03787	-11.2931	1.3097	-0.132977	1.90771	0.0524238	125800	0.634744	2.22293	0	2.27796
22156446	-2.17459	-9.29144	1.26028	0.134256	1.60596	0.23271	126000	0.634744	2.22293	0	2.29648
22156635	-1.92748	-9.26673	0.790761	0.332443	1.27224	-0.0767177	0	0	0	0	0
22156648	-1.23556	-9.24202	0.395381	0.299199	1.2326	-0.12147	126200	0.634744	2.22293	0	2.315
22156833	-0.691916	-10.8235	-0.889606	0.12147	0.464142	0.0358016	126400	0.634744	2.22293	0	2.33352
22157031	-1.13672	-11.985	1.50739	-0.117634	-0.0421947	0.0204581	126600	0.634744	2.22293	0	2.315
22157233	-1.16143	-8.30299	-0.444803	0.163664	-0.089504	0.117634	126800	0.634744	2.22293	0	2.27796
22157437	-1.03787	-10.5023	-0.840184	-0.103569	0.0907826	-0.120191	127000	0.634744	2.22293	0	2.2224
22157632	-2.59469	-10.8977	3.53371	-0.0677673	0.108683	-0.12147	127200	0.634744	2.22293	0	2.16684
22157830	-1.45797	-7.46281	0.0247113	0.258283	0.240382	-0.271069	127400	0.634744	2.22293	0	2.1298
22158030	-1.5321	-12.0097	-0.247113	-0.109962	-0.111241	0.0690459	127600	0.634744	2.22293	0	2.09276
22158229	-0.543648	-8.89606	1.40854	-0.170058	-0.194351	0.0575383	127800	0.634744	2.22293	0	2.09276
22158435	-1.50739	-8.67366	0.0988452	0.233989	-0.0779963	0.392539	128000	0.634744	2.22293	0	2.11128
22158630	-1.7545	-12.0097	-1.28499	-0.231432	0.205859	-0.0882253	128200	0.634744	2.22293	0	2.18536
22158831	-2.52055	-8.87135	1.95219	-0.0677673	0.492272	0.0230153	128400	0.634744	2.22294	0	2.70392
22159031	-1.16143	-8.55011	-0.123556	-0.113798	0.06521	-0.28002	128600	0.634744	2.22294	0	3.37064
22159232	-0.939029	-13.1217	-2.22402	-0.726261	-0.185401	-0.106126	128800	0.634744	2.22294	0	4.01884
22159437	-0.840184	-9.415	0.864895	0.161107	-0.185401	-0.0728818	129000	0.634744	2.22294	0	4.05588
22159636	-1.35912	-8.40184	-0.247113	-0.0856681	0.269791	0.235268	129200	0.634744	2.22294	0	3.75956
22159834	-2.29815	-13.097	0.420092	-0.248054	0.269791	0.200745	129400	0.634744	2.22294	0	3.7966
22160032	-1.77921	-8.79722	0.172979	0.352901	0.134256	-0.245497	129600	0.634744	2.22294	0	3.90772
22160232	-1.45797	-10.0081	-1.06259	-0.287691	-0.0281298	0.0268512	129800	0.634744	2.22294	0	3.90772
22160445	-0.444803	-9.06904	1.35912	-0.0831108	-0.351623	0.0703246	130000	0.634744	2.22294	0	3.4262
22160632	-1.50739	-8.50068	-0.296535	0.369524	-0.044752	0.189237	130200	0.634744	2.22294	0	3.40768
22160832	-1.26028	-11.5649	-1.0873	-0.0664887	0.228874	-0.125306	130400	0.634744	2.22294	0	3.3336
22161041	-2.05104	-8.47597	2.24873	-0.0716032	0.218645	-0.0971757	130600	0.634744	2.22294	0	3.25952
22161231	-1.58152	-7.98175	-0.0988452	0.1496	-0.0332443	-0.314543	130800	0.634744	2.22294	0	3.18544
22161435	-1.43325	-12.6028	-0.815473	-0.423226	-0.341394	0.0115077	131000	0.634744	2.22294	0	3.31508
22161631	0.19769	-8.7478	2.47113	0.191794	-0.111241	-0.124027	131200	0.634744	2.22294	0	3.3336
22161831	-0.988452	-8.17944	0.593071	-0.196909	0.177729	0.227596	131400	0.634744	2.22294	0	3.85216
22162030	-1.72979	-13.097	0.494226	-0.41044	0.310707	0.155993	131600	0.634744	2.22294	0	4.3522
22162229	-1.11201	-8.42655	-0.543648	0.378474	0.0281298	-0.28897	131800	0.634744	2.22294	0	4.3522
22162432	-1.45797	-10.5517	-0.222402	-0.29792	-0.271069	-0.0242939	132000	0.634744	2.22294	0	4.33368
22162640	-0.494226	-9.61269	1.38383	0.0818322	-0.300478	0.0204581	132200	0.634744	2.22294	0	4.4448
22162828	-1.18614	-8.08059	0.0741339	0.161107	-0.181565	0.241661	132400	0.634744	2.22294	0	4.77816
22163038	-2.24873	-13.097	-0.247113	-0.310707	0.185401	-0.0882253	132600	0.634744	2.22294	0	4.74112
22163237	-2.02633	-9.24202	1.55681	0.0434734	0.338836	0.0434734	132800	0.634744	2.22294	0	4.3522
22163432	-1.28499	-8.72308	0.0741339	-0.0792749	-0.150878	-0.143206	133000	0.634744	2.22294	0	4.4448
22163629	-1.70508	-11.7873	-1.63095	-0.373359	-0.108683	-0.219924	133200	0.634744	2.22294	0	4.40776
22163826	-1.01316	-9.56327	1.65566	0.122748	-0.177729	0.132977	133400	0.634744	2.22294	0	4.4448
22164038	-1.48268	-9.24202	0.0988452	-0.257004	0.184122	-0.0677673	133600	0.634744	2.22294	0	4.5374
22164237	-2.79238	-11.9603	2.56997	0.194351	-0.0153435	0.0562596	133800	0.634744	2.22294	0	4.9078
22164432	-1.06259	-7.2157	-0.271824	0.311985	0.212252	-0.304314	134000	0.634744	2.22294	0	4.96336
22164631	-1.90277	-11.2683	-0.395381	-0.155993	0.0805536	0.00383588	134200	0.634744	2.22294	0	4.92632
22164829	0.148268	-9.39029	1.90277	0.0677673	-0.203302	0.0242939	134400	0.634744	2.22294	0	4.61148
22165029	-1.85335	-7.31454	0.667205	-0.0511451	-0.044752	0.308149	134600	0.634745	2.22294	0	4.51888
22165230	-2.59469	-13.3935	-0.790761	-0.381031	0.235268	-0.0242939	134800	0.634745	2.22294	0	4.63
22165433	-1.90277	-8.69837	0.148268	0.218645	0.262119	-0.241661	135000	0.634745	2.22294	0	4.63
22165643	-1.21085	-9.46442	-0.518937	-0.274905	-0.06521	0.0242939	135200	0.634745	2.22294	0	4.64852
22165833	-1.33441	-13.0476	2.32286	0.327329	-0.191794	-0.0946185	135400	0.634745	2.22294	0	4.63
22166034	-1.48268	-8.20415	-0.56836	0.162386	-0.26084	0.283855	135600	0.634745	2.22294	0	4.59296
22166233	-1.50739	-11.3178	-0.469514	-0.35418	0.099733	-0.153435	135800	0.634745	2.22294	0	4.5374
22166434	-2.44642	-8.17944	2.37228	0.034523	0.285134	0.202023	136000	0.634745	2.22294	0	4.22256
22166633	-1.3097	-8.17944	0.939029	-0.0754391	0.0127863	-0.170058	136200	0.634745	2.22294	0	4.20404
22166833	-1.50739	-12.578	-0.642494	-0.285134	-0.173893	-0.245497	136400	0.634745	2.22294	0	4.27812
22167031	-0.247113	-9.24202	2.05104	-0.0409161	-0.1496	0.0115077	136600	0.634745	2.22294	0	4.18552
22167231	-0.667205	-8.52539	1.13672	-0.328607	0.198187	0.170058	136800	0.634745	2.22294	0	4.31516
22167446	-1.82864	-10.6011	3.509	0.208416	-0.194351	0.226317	137000	0.634745	2.22294	0	4.22256
22167630	-1.63095	-7.80877	-0.691916	0.213531	0.0306871	-0.50378	137200	0.634745	2.22294	0	4.24108
22167830	-1.3097	-12.2815	0.172979	-0.1675	-0.36313	0.131699	137400	0.634745	2.22294	0	4.22256
22168030	-0.939029	-9.81038	3.43487	-0.103569	-0.352901	-0.0511451	137600	0.634745	2.22294	0	4.22256
22168244	-0.864895	-8.30299	0.988452	-0.0294084	-0.0575383	0.228874	137800	0.634745	2.22294	0	4.18552
22168438	-2.07575	-13.27	0.296535	-0.282577	0.180287	0.287691	138000	0.634745	2.22294	0	3.81512
22168634	-2.397	-9.31616	1.13672	0.189237	0.258283	-0.311985	138200	0.634745	2.22294	0	3.241
22168840	-1.5321	-9.16789	0.0988452	-0.207138	0.145764	-0.0677673	138400	0.634745	2.22294	0	2.90764
22169035	-1.26028	-14.5302	1.70508	0.603513	-0.00383588	0.106126	138600	0.634745	2.22294	0	2.94468
22169235	-0.716627	-8.92078	-0.345958	-0.00511451	0.0626528	0.132977	138800	0.634745	2.22294	0	3.00024
22169439	-0.691916	-8.99491	-1.72979	-0.425783	0.0907826	-0.171336	139000	0.634745	2.22294	0	3.09284
22169633	-2.05104	-12.9487	3.7314	-0.272348	0.00511451	-0.147042	139200	0.634745	2.22294	0	3.44472
22169830	-1.23556	-7.38868	0.420092	0.355459	0.0332443	0.0179008	139400	0.634745	2.22294	0	3.40768
22170031	-1.80392	-9.8598	-0.56836	-0.337558	0.034523	-0.15855	139600	0.634745	2.22294	0	3.35212
22170234	-1.16143	-10.9471	0.840184	0.430898	-0.0434734	0.0984544	139800	0.634745	2.22294	0	3.3336
22170438	-0.864895	-8.84664	0.691916	0.00639314	-0.198187	0.310707	140000	0.634745	2.22294	0	3.01876
22170634	-1.55681	-11.5155	0.0988452	-0.153435	0	-0.0639314	140200	0.634745	2.22294	0	3.12988
22170830	-2.27344	-9.76096	3.33602	-0.0115077	0.198187	-0.0204581	140400	0.634745	2.22294	0	3.1484
22171030	-1.43325	-8.05588	0.543648	-0.0639314	-0.00383588	-0.140649	140600	0.634745	2.22294	0	3.29656
22171231	-1.7545	-12.4792	0.0988452	-0.465421	-0.15855	-0.0089504	140800	0.634745	2.22294	0	3.72252
22171435	-0.716627	-9.36558	2.76766	0.0166222	0.0191794	0.0946185	141000	0.634745	2.22294	0	3.64844
22171633	-1.45797	-8.15473	0.76605	-0.204581	0.443684	0.0421947	141200	0.634745	2.22294	0	3.01876
22171834	-1.63095	-12.5286	1.0873	0.112519	0.678952	-0.0332443	141400	0.634745	2.22294	0	2.94468
22172030	-1.9769	-8.00646	0.617782	0.38231	0.618856	-0.15855	141600	0.634745	2.22294	0	2.88912
22172232	-2.1993	-10.3787	0.296535	-0.101012	0.712196	-0.0588169	141800	0.634745	2.22294	0	2.85208
22172436	-1.92748	-10.4529	2.37228	-0.0204581	0.836223	-0.269791	142000	0.634745	2.22294	0	2.8706
22172631	-1.45797	-8.22886	1.35912	0.381031	1.40649	0.352901	142200	0.634745	2.22294	0	2.85208
22172831	-0.914318	-11.8861	1.38383	0.221203	1.53052	-0.0089504	142400	0.634745	2.22294	0	1.61124
22173031	-1.63095	-9.73625	1.58152	0.112519	1.35535	0.0575383	142600	0.634745	2.22294	0	0.88896
22173232	-1.95219	-9.09375	0.444803	-0.162386	0.849009	-0.210974	142800	0.634745	2.22294	0	0.22224
22173434	-1.3097	-12.9981	1.23556	-0.42834	0.231432	-0.0639314	143000	0.634745	2.22294	0	0.94452
22173633	-0.222402	-8.08059	1.82864	-0.228874	0.0792749	-0.187958	143200	0.634745	2.22294	0	1.44456
22173832	-0.444803	-8.82193	0.370669	-0.309428	0.0843895	0.331165	143400	0.634745	2.22294	0	1.74088
22174032	-1.60623	-11.7626	-0.667205	-0.707081	0.196909	0.0421947	143600	0.634745	2.22294	0	2.05572
22174231	-1.80392	-7.46281	0.642494	0.283855	0.125306	-0.129141	143800	0.634745	2.22294	0	2.11128
22174436	-1.77921	-11.0459	-0.518937	-0.0140649	-0.0089504	0.0984544	144000	0.634745	2.22294	0	2.2224
22174630	-1.43325	-12.0344	2.56997	0.0728818	-0.124027	-0.0294084	144200	0.634745	2.22294	0	3.03728
22174829	-1.55681	-7.95703	-0.864895	0.295363	-0.0984544	0.152157	144400	0.634745	2.22294	0	3.59288
22175023	-1.87806	-11.4907	-0.271824	-0.170058	0.274905	-0.159829	144600	0.634745	2.22294	0	3.62992
22175234	-2.14988	-9.46442	2.69353	0.0703246	0.4846	-0.0281298	144800	0.634745	2.22294	0	3.57436
22175425	-0.716627	-7.90761	-0.271824	-0.135535	0.141928	-0.212252	145000	0.634745	2.22294	0	3.62992
22175623	-0.518937	-13.5912	-0.988452	-0.56899	-0.277462	0.00639314	145200	0.634745	2.22294	0	4.09292
22175822	-0.0494226	-8.99491	2.17459	0.213531	-0.193073	-0.0600955	145400	0.634745	2.22294	0	4.03736
22176024	-0.617782	-8.52539	0.148268	-0.208416	0.112519	0.157271	145600	0.634745	2.22294	0	4.12996
22176223	-1.65566	-13.7889	2.56997	-0.044752	0.0242939	-0.0204581	145800	0.634745	2.22294	0	4.42628
22176427	-0.914318	-7.61108	-0.914318	0.290249	0.0511451	-0.106126	146000	0.634745	2.22294	0	4.38924
22176623	-1.23556	-11.3425	-1.3097	-0.253168	-0.0690459	0.0217367	146200	0.634745	2.22294	0	4.37072
22176839	-0.469514	-8.67366	1.23556	0.0575383	-0.259562	-0.162386	146400	0.634746	2.22294	0	4.40776
22177028	-1.11201	-7.75934	0.345958	0.0690459	-0.111241	0.462863	146600	0.634746	2.22294	0	4.38924
22177227	-1.90277	-13.0476	-0.914318	-0.155993	0.0843895	-0.089504	146800	0.634746	2.22294	0	4.3522
22177431	-2.64411	-9.415	1.55681	0.240382	0.227596	-0.0294084	147000	0.634746	2.22294	0	4.29664
22177627	-1.95219	-8.59953	-0.420092	-0.166222	0.0498665	-0.157271	147200	0.634746	2.22294	0	4.24108
22177837	-1.5321	-14.0854	3.509	0.28002	-0.109962	0.318378	147400	0.634746	2.22294	0	4.24108
22178027	-1.33441	-8.67366	-0.271824	-0.0358016	-0.0562596	-0.0562596	147600	0.634746	2.22294	0	4.64852
22178227	-1.13672	-10.4035	-0.19769	-0.125306	0.089504	0.0268512	147800	0.634746	2.22294	0	4.61148
22178432	-2.47113	-10.4035	2.74295	0.0524238	-0.034523	-0.212252	148000	0.634746	2.22294	0	4.167
22178628	-1.28499	-6.7956	-0.0247113	0.106126	0.0933399	-0.135535	148200	0.634746	2.22294	0	3.50028
22178827	-1.7545	-12.4545	-0.123556	0.0716032	-0.162386	-0.0473092	148400	0.634746	2.22294	0	3.8892
22179028	-0.593071	-10.2305	3.38545	0.0281298	-0.0920612	0.216088	148600	0.634746	2.22294	0	3.81512
22179224	-0.96374	-7.2157	1.35912	-0.12147	0.194351	0.141928	148800	0.634746	2.22294	0	3.74104
22179429	-1.50739	-13.863	0.56836	-0.244218	0.228874	0.0524238	149000	0.634746	2.22294	0	3.75956
22179625	-1.92748	-9.06904	0.345958	0.240382	0.00639314	-0.204581	149200	0.634746	2.22294	0	3.72252
22179836	-1.43325	-10.7	-0.444803	-0.263397	-0.228874	-0.0767177	149400	0.634746	2.22294	0	3.77808
22180024	-1.50739	-11.9356	2.42171	0.0971757	-0.26084	0.0562596	149600	0.634746	2.22294	0	4.29664
22180225	-1.01316	-8.1053	-0.444803	0.171336	-0.135535	0.118912	149800	0.634746	2.22294	0	3.96328
22180439	-1.01316	-12.2815	-0.296535	-0.175172	0.136813	-0.0562596	150000	0.634746	2.22294	0	3.96328
22180628	-1.77921	-9.1926	2.05104	-0.15855	0.295363	-0.168779	150200	0.634746	2.22294	0	3.62992
22180823	-1.3097	-8.15473	-0.123556	-0.0268512	-0.0933399	-0.271069	150400	0.634746	2.22294	0	3.50028
22181023	-1.06259	-11.9603	-1.72979	-0.172615	-0.113798	-0.0907826	150600	0.634746	2.22294	0	3.57436
22181223	-0.395381	-9.04433	1.85335	0.0485879	0.0230153	-0.0831108	150800	0.634746	2.22294	0	3.704
22181427	-0.667205	-8.15473	0.56836	0.0409161	0.227596	0.295363	151000	0.634746	2.22294	0	3.68548
22181639	-1.45797	-12.751	0.0988452	-0.342672	0.404047	0.23271	151200	0.634746	2.22294	0	3.77808
22181829	-1.18614	-9.01962	0.395381	0.25189	0.173893	-0.329886	151400	0.634746	2.22294	0	3.77808
22182029	-1.35912	-9.31616	-0.494226	-0.318378	-0.0332443	-0.0600955	151600	0.634746	2.22294	0	3.7966
22182226	-1.35912	-13.5912	3.63256	0.217367	-0.145764	-0.118912	151800	0.634746	2.22294	0	4.38924
22182429	-0.864895	-8.57482	-0.222402	0.44752	-0.13042	0.190516	152000	0.634746	2.22294	0	4.31516
22182634	-1.38383	-10.1069	0.345958	-0.0741604	0.185401	-0.0600955	152200	0.634746	2.22294	0	4.18552
22182824	-2.1993	-10.2305	3.63256	0.153435	0.377195	-0.106126	152400	0.634746	2.22294	0	4.03736
22183026	-1.18614	-7.98175	0.395381	-0.196909	0.129141	-0.255726	152600	0.634746	2.22294	0	3.9818
22183235	-0.716627	-12.1085	-0.939029	-0.271069	-0.185401	-0.0294084	152800	0.634746	2.22294	0	3.57436
22183428	0.395381	-9.14318	2.96535	0.034523	-0.204581	0.125306	153000	0.634746	2.22294	0	3.55584
22183624	-0.667205	-7.70992	1.06259	-0.140649	0.10229	0.373359	153200	0.634746	2.22294	0	3.40768
22183827	-1.92748	-13.3688	2.05104	0.0294084	0.246775	-0.0664887	153400	0.634746	2.22294	0	3.40768
22184026	-1.45797	-8.3277	0.617782	0.0639314	0.0421947	-0.175172	153600	0.634747	2.22294	0	3.38916
22184236	-1.26028	-9.90923	0	-0.181565	-0.117634	-0.00511451	153800	0.634747	2.22294	0	3.29656
22184429	-0.76605	-11.7132	1.11201	0.0869467	-0.179008	0.0767177	154000	0.634747	2.22294	0	3.704
22184626	-1.21085	-8.40184	0.0494226	0.150878	-0.0818322	0.295363	154200	0.634747	2.22294	0	4.00032
22184826	-1.50739	-11.8614	0.0741339	-0.15855	0.134256	-0.136813	154400	0.634747	2.22294	0	4.42628
22185025	-2.34757	-9.415	3.55843	-0.0716032	0.51273	-0.0166222	154600	0.634747	2.22294	0	3.9818
22185226	-0.988452	-8.67366	0.494226	-0.113798	0.18668	-0.175172	154800	0.634747	2.22294	0	4.00032
22185429	-0.790761	-12.924	0.148268	-0.366966	-0.199466	-0.00383588	155000	0.634747	2.22294	0	3.96328
22185626	-0.370669	-8.82193	2.54526	0.0792749	-0.216088	0.0204581	155200	0.634747	2.22294	0	3.90772
22185824	-1.0873	-9.1926	0.914318	-0.187958	0.131699	0.148321	155400	0.634747	2.22294	0	3.7966
22186035	-2.54526	-11.8367	3.36074	0.0856681	0.0191794	0.0626528	155600	0.634747	2.22294	0	3.50028
22186225	-0.123556	-7.6605	-0.370669	0.089504	0.0511451	-0.400211	155800	0.634747	2.22294	0	3.09284
22186428	-1.60623	-10.4529	-0.345958	-0.349066	-0.205859	-0.0856681	156000	0.634747	2.22294	0	3.0558
22186627	-1.35912	-9.73625	1.33441	0.171336	-0.314543	0.207138	156200	0.634747	2.22294	0	3.48176
22186827	-1.55681	-8.1053	0.617782	0.113798	-0.0460306	0.350344	156400	0.634747	2.22294	0	3.4262
22187027	-1.50739	-12.7263	0	-0.0089504	0.272348	-0.173893	156600	0.634747	2.22294	0	3.01876
22187227	-2.02633	-8.1053	2.76766	-0.352901	0.563875	-0.1675	156800	0.634747	2.22294	0	3.00024
22187429	-0.889606	-8.27828	-0.172979	0.0396375	0.0511451	-0.161107	157000	0.634747	2.22294	0	2.8706
22187627	-1.55681	-12.924	-1.01316	-0.154714	-0.210974	0.0268512	157200	0.634747	2.22294	0	3.00024
22187827	-0.172979	-8.87135	3.03949	-0.06521	-0.228874	-0.044752	157400	0.634747	2.22294	0	3.00024
22188025	-1.43325	-8.17944	1.01316	0.0191794	0.295363	0.329886	157600	0.634747	2.22294	0	3.0558
22188226	-2.12517	-12.4545	0	-0.265955	0.473092	0.209695	157800	0.634747	2.22294	0	3.85216
22188429	-2.07575	-9.24202	1.26028	0.204581	0.278741	-0.185401	158000	0.634747	2.22294	0	3.92624
22188636	-2.02633	-9.34087	-0.222402	-0.180287	0.034523	-0.154714	158200	0.634747	2.22294	0	3.27804
22188825	-1.68037	-12.8004	2.74295	0.265955	0.0882253	-0.21481	158400	0.634747	2.22294	0	3.20396
22189024	-2.79238	-9.11847	1.35912	0.109962	0.616299	0.0140649	158600	0.634747	2.22294	0	2.79652
22189224	-1.87806	-9.95865	1.87806	0.10229	1.44613	-0.089504	158800	0.634747	2.22294	0	2.01868
22189430	-1.7545	-11.0459	2.69353	0.505058	1.59445	-0.209695	159000	0.634747	2.22294	0	1.40752
22189625	-1.65566	-9.01962	1.01316	0.328607	1.50239	-0.163664	159200	0.634747	2.22294	0	1.2964
22189824	-1.13672	-11.5896	-0.345958	0.12147	1.15204	0.0089504	159400	0.634747	2.22294	0	0.96304
22190024	-0.667205	-12.1085	1.33441	0.0434734	0.172615	0.405325	159600	0.634747	2.22294	0	0.926
22190226	-1.28499	-9.06904	0.321247	0.0882253	0.0140649	0.218645	159800	0.634747	2.22294	0	1.61124
22190430	-2.02633	-11.3425	0.172979	-0.237825	0.305592	-0.29792	160000	0.634747	2.22294	0	1.90756
22190636	-1.80392	-7.75934	2.34757	-0.0600955	0.583054	0.124027	160200	0.634747	2.22294	0	1.92608
22190824	-1.77921	-8.52539	0.19769	0.0511451	0.173893	-0.39126	160400	0.634747	2.22294	0	2.00016
22191033	-1.23556	-12.2321	-1.5321	-0.372081	-0.39126	0.0588169	160600	0.634747	2.22294	0	2.51872
22191223	0.222402	-8.94549	2.52055	-0.0728818	-0.336279	-0.194351	160800	0.634747	2.22294	0	2.61132
22191426	-1.87806	-8.35242	1.28499	-0.0818322	0.173893	0.337558	161000	0.634747	2.22294	0	2.98172
22191624	-2.29815	-13.5665	-0.172979	-0.594562	0.543417	0.267233	161200	0.634747	2.22294	0	3.53732
22191823	-0.667205	-8.47597	0.271824	0.373359	0.209695	-0.466699	161400	0.634747	2.22294	0	3.01876
22192023	-1.82864	-9.88452	-0.296535	-0.0664887	0.0754391	0.0792749	161600	0.634747	2.22294	0	3.7966
22192224	-0.642494	-13.7395	3.38545	0.0613742	-0.127863	-0.226317	161800	0.634747	2.22294	0	3.81512
22192427	-2.05104	-8.27828	-0.76605	0.323493	-0.245497	0.15855	162000	0.634747	2.22294	0	3.83364
22192633	-0.939029	-11.7626	-0.988452	-0.205859	0.172615	0.101012	162200	0.634747	2.22294	0	4.4448
22192824	-3.03949	-10.7494	3.63256	-0.0600955	0.189237	-0.0089504	162400	0.634747	2.22294	0	4.37072
22193023	-0.494226	-7.56165	-0.444803	0.308149	0.00383588	-0.359295	162600	0.634747	2.22294	0	4.0744
22193224	-1.72979	-12.3804	-0.444803	-0.175172	-0.141928	-0.205859	162800	0.634747	2.22294	0	4.38924
22193428	-0.593071	-9.73625	3.41016	-0.181565	-0.0792749	0.0396375	163000	0.634747	2.22294	0	4.0744
22193625	-1.21085	-7.78406	0.518937	0.12147	-0.0217367	0.405325	163200	0.634747	2.22294	0	4.0744
22193825	-2.27344	-12.0838	-0.543648	-0.562596	0.319657	0.0281298	163400	0.634747	2.22294	0	4.01884
22194026	-1.9769	-7.68521	0.864895	0.196909	0.254447	-0.0204581	163600	0.634747	2.22294	0	2.70392
22194235	-1.65566	-10.354	0.222402	0.0268512	-0.0217367	-0.0306871	163800	0.634747	2.22294	0	3.20396
22194429	-0.56836	-14.4561	4.71986	0.462863	-0.0741604	-0.3171	164000	0.634747	2.22293	0	3.35212
22194624	-0.76605	-8.79722	0.0988452	0.268512	-0.0613742	0.301756	164200	0.634747	2.22293	0	3.7966
22194826	-1.38383	-10.4035	0.0247113	-0.181565	0.134256	-0.221203	164400	0.634747	2.22293	0	3.94476
22195024	-1.65566	-9.43971	3.38545	0.124027	-0.0294084	-0.0204581	164600	0.634747	2.22293	0	3.46324
22195223	-1.13672	-8.15473	-0.0741339	0.173893	0.134256	-0.248054	164800	0.634747	2.22293	0	3.37064
22195426	-0.939029	-12.1085	-0.247113	-0.21481	-0.135535	0.0089504	165000	0.634747	2.22293	0	3.9818
22195625	0.271824	-10.0328	3.16304	-0.0882253	-0.217367	0.283855	165200	0.634747	2.22293	0	3.94476
22195826	-1.01316	-7.51223	0.691916	-0.1675	-0.0843895	0.350344	165400	0.634747	2.22293	0	4.24108
22196033	-2.27344	-13.0228	-0.0741339	-0.276184	0.187958	0.176451	165600	0.634747	2.22293	0	4.11144
22196225	-1.85335	-8.40184	1.21085	0.0958971	0.12147	-0.147042	165800	0.634747	2.22293	0	3.3336
22196428	-1.33441	-10.0575	0.617782	-0.141928	-0.0537024	-0.0537024	166000	0.634747	2.22293	0	3.94476
22196625	-0.469514	-12.0097	1.35912	0.276184	-0.323493	-0.0255726	166200	0.634747	2.22293	0	4.05588
22196825	-0.914318	-8.67366	-0.0741339	0.150878	0.0115077	0.263397	166400	0.634747	2.22293	0	4.0744
22197024	-1.33441	-11.1695	-0.271824	-0.352901	0.274905	-0.115077	166600	0.634747	2.22293	0	4.37072
22197225	-1.92748	-9.46442	2.69353	0.0396375	0.210974	-0.124027	166800	0.634747	2.22293	0	4.2596
22197429	-1.58152	-8.57482	0.172979	-0.0179008	-0.0255726	-0.150878	167000	0.634747	2.22293	0	4.14848
22197628	-1.0873	-12.1827	-1.3097	-0.318378	-0.166222	0.0984544	167200	0.634747	2.22293	0	4.59296
22197826	-0.0494226	-9.36558	2.91593	0.0779963	-0.181565	0.0460306	167400	0.634747	2.22293	0	4.5374
22198026	-1.23556	-8.22886	0.840184	-0.171336	0.0958971	0.257004	167600	0.634747	2.22293	0	4.88928
22198224	-1.82864	-13.1711	1.87806	0.216088	0.0831108	0.0319657	167800	0.634747	2.22293	0	4.88928
22198428	-1.35912	-8.13001	0.0988452	0.331165	0.0818322	-0.210974	168000	0.634746	2.22293	0	4.40776
22198624	-0.939029	-10.5517	-0.247113	-0.239103	-0.0843895	0	168200	0.634746	2.22293	0	4.29664
22198824	-0.247113	-10.4282	1.16143	0.0831108	-0.342672	0.0421947	168400	0.634746	2.22293	0	4.167
22199023	-1.60623	-7.73463	0.543648	0.00255726	-0.184122	0.388703	168600	0.634746	2.22293	0	4.03736
22199223	-1.65566	-12.8993	-0.271824	-0.277462	0.120191	0.00255726	168800	0.634746	2.22293	0	4.14848
22199428	-2.56997	-9.14318	2.00161	-0.331165	0.58689	-0.240382	169000	0.634746	2.22293	0	3.59288
22199625	-0.939029	-8.69837	-0.222402	-0.044752	0.122748	-0.153435	169200	0.634746	2.22293	0	3.57436
22199823	-0.988452	-14.6291	2.07575	-0.127863	-0.241661	0.239103	169400	0.634746	2.22293	0	3.704
22200024	-0.593071	-8.82193	0.691916	0.360573	-0.21481	-0.308149	169600	0.634746	2.22293	0	3.75956
22200223	-0.667205	-9.71154	0.345958	-0.168779	0.184122	0.0920612	169800	0.634746	2.22293	0	4.29664
22200427	-1.9769	-10.4035	3.48429	0.0281298	0.0767177	0.124027	170000	0.634746	2.22293	0	4.31516
22200623	-0.148268	-7.16627	-0.321247	0.271069	0.150878	-0.352901	170200	0.634746	2.22293	0	3.94476
22200824	-1.28499	-12.4792	-0.321247	-0.0818322	-0.196909	-0.0805536	170400	0.634746	2.22293	0	3.9818
22201024	-0.19769	-9.36558	3.23718	0.0089504	-0.327329	0.089504	170600	0.634746	2.22293	0	3.68548
22201224	-1.18614	-7.6605	0.76605	-0.0319657	0.044752	0.414276	170800	0.634746	2.22293	0	3.6114
22201429	-1.9769	-13.5418	-0.593071	-0.424505	0.204581	0.034523	171000	0.634746	2.22293	0	3.66696
22201630	-1.95219	-8.92078	1.92748	-0.0140649	0.13937	-0.010229	171200	0.634746	2.22293	0	3.3336
22201836	-1.50739	-9.78567	0.0988452	-0.127863	-0.0677673	-0.0971757	171400	0.634746	2.22293	0	4.22256
22202027	-0.222402	-12.8746	0.914318	-0.0831108	-0.13042	-0.135535	171600	0.634746	2.22293	0	4.79668
22202226	-0.56836	-9.53856	0.0988452	0.268512	-0.262119	0.0115077	171800	0.634746	2.22293	0	4.50036
22202429	-0.864895	-9.06904	-0.494226	-0.366966	0.0907826	-0.116355	172000	0.634746	2.22293	0	4.38924
22202628	-1.65566	-10.1811	2.94064	0.0524238	0.0166222	0.179008	172200	0.634746	2.22293	0	4.05588
22202828	-1.01316	-8.15473	-0.321247	0.196909	-0.00511451	-0.311985	172400	0.634746	2.22293	0	3.29656
22203030	-2.22402	-12.1085	-0.420092	-0.276184	-0.0179008	-0.0191794	172600	0.634746	2.22293	0	3.3336
22203228	-0.0247113	-9.04433	1.90277	-0.226317	-0.276184	0.0537024	172800	0.634746	2.22293	0	3.03728
22203428	-1.01316	-7.68521	0.19769	0.0933399	-0.0332443	0.346508	173000	0.634746	2.22293	0	3.3336
22203624	-1.90277	-13.1711	-0.691916	-0.134256	0.122748	0.152157	173200	0.634746	2.22293	0	3.46324
22203828	-2.397	-9.83509	2.14988	0.00127863	0.451356	-0.173893	173400	0.634746	2.22293	0	2.64836
22204027	-1.11201	-9.31616	-0.247113	-0.0882253	0.0920612	-0.131699	173600	0.634746	2.22293	0	2.79652
22204227	-0.716627	-13.3441	1.58152	0.106126	-0.166222	-0.0268512	173800	0.634746	2.22293	0	2.90764
22204430	-0.914318	-9.04433	0.988452	0.0856681	-0.113798	-0.0485879	174000	0.634746	2.22293	0	2.98172
22204625	-0.939029	-9.26673	0.123556	-0.0421947	0.185401	0.0409161	174200	0.634746	2.22293	0	3.0558
22204825	-2.10046	-12.6028	1.26028	0	0.346508	0.254447	174400	0.634746	2.22293	0	3.55584
22205026	-1.13672	-8.92078	-0.370669	0.300478	0.112519	-0.272348	174600	0.634746	2.22293	0	3.57436
22205239	-1.38383	-10.3293	-0.321247	-0.034523	0.0524238	-0.0703246	174800	0.634746	2.22293	0	3.704
22205432	-0.716627	-12.5533	2.27344	0.15855	-0.208416	-0.0741604	175000	0.634746	2.22293	0	3.77808
22205627	-0.19769	-9.34087	1.28499	0.0319657	-0.0281298	-0.0460306	175200	0.634746	2.22293	0	3.16692
22205827	-0.914318	-8.13001	0.172979	0.0843895	0.0703246	0.0677673	175400	0.634746	2.22293	0	3.03728
22206029	-1.13672	-10.9224	-1.01316	-0.469257	0.291527	0.219924	175600	0.634746	2.22293	0	3.07432
22206228	-1.9769	-8.47597	2.54526	-0.171336	0.47565	0.112519	175800	0.634746	2.22293	0	2.6854
22206432	-1.23556	-9.90923	0.444803	-0.239103	0.219924	0.0434734	176000	0.634746	2.22293	0	2.61132
22206625	-1.26028	-10.2305	-0.271824	-0.338836	-0.41044	-0.482043	176200	0.634746	2.22293	0	2.53724
22206827	-1.13672	-10.1563	0.247113	0.0907826	-0.0306871	0.0805536	176400	0.634746	2.22293	0	2.57428
22207027	0.271824	-10.0328	0.76605	0.397653	0.259562	-0.172615	176600	0.634746	2.22293	0	2.62984
22207226	-0.271824	-10.3046	1.63095	-0.0856681	0.39126	0.0255726	176800	0.634746	2.22293	0	2.57428
22207429	-0.321247	-9.66211	1.23556	0.0946185	0.00127863	-0.0575383	177000	0.634746	2.22293	0	2.53724
22207629	-0.667205	-9.56327	1.01316	0.101012	0.272348	-0.0294084	177200	0.634746	2.22293	0	2.1298
22207840	-0.56836	-10.4529	0.56836	-0.108683	0.0524238	0.0703246	177400	0.634746	2.22293	0	2.07424
22208029	-0.667205	-9.76096	0.543648	-0.228874	-0.103569	0.138092	177600	0.634746	2.22293	0	1.96312
22208228	-1.3097	-10.1069	0.642494	-0.103569	-0.159829	0.0473092	177800	0.634746	2.22293	0	1.61124
22208430	-1.03787	-10.4035	0.889606	-0.13042	-0.187958	-0.0869467	178000	0.634745	2.22293	0	1.53716
22208628	-1.40854	-10.1069	0.469514	-0.127863	-0.134256	-0.00511451	178200	0.634745	2.22293	0	1.4816
