22586335	8.40184	-0.247113	2.89122	0.0767177	0.101012	0.034523	555800	0.634745	2.22293	0	0
22586449	9.31616	-0.395381	2.91593	0.0703246	0.0754391	-0.0396375	556000	0.634745	2.22293	0	0.01852
22586622	8.79722	-0.271824	2.66882	0.0370802	-0.0703246	0.0741604	556200	0.634745	2.22293	0	0.05556
22586821	8.79722	-0.543648	2.56997	-0.10229	0.0396375	-0.0281298	556400	0.634745	2.22293	0	0.05556
22587034	9.11847	-0.148268	2.6194	-0.182844	0.0268512	0.143206	0	0	0	0	0
22587045	8.92078	-0.395381	2.74295	-0.185401	0.0242939	0.154714	556600	0.634745	2.22293	0	0.05556
22587227	9.1926	-0.0741339	2.27344	-0.0767177	0.0856681	0.0473092	556800	0.634745	2.22293	0	0.03704
22587430	9.01962	-0.444803	2.8418	-0.0358016	0.23271	-0.0639314	557000	0.634745	2.22293	0	0.05556
22587633	8.94549	-0.395381	2.94064	-0.134256	-0.13937	0.101012	557200	0.634745	2.22293	0	0.11112
22587822	9.78567	-0.494226	3.38545	-0.194351	-0.0230153	0.0217367	557400	0.634745	2.22293	0	0.03704
22588028	7.98175	-1.01316	3.75612	-0.144485	-0.217367	-0.0677673	557600	0.634745	2.22293	0	0
22588227	8.47597	-1.35912	2.34757	-0.166222	-0.171336	-0.0933399	557800	0.634745	2.22293	0	0.07408
22588431	10.7247	-1.28499	2.32286	-0.0242939	-0.194351	0.116355	558000	0.634745	2.22293	0	0.01852
22588634	8.17944	-0.0494226	4.44803	0.00255726	-0.109962	0.190516	558200	0.634745	2.22293	0	0.0926
22588838	7.26512	-0.494226	2.24873	-0.0971757	-0.0677673	-0.00383588	558400	0.634745	2.22293	0	0.0926
22589026	11.4166	-1.06259	2.17459	-0.204581	-0.360573	0.0140649	558600	0.634745	2.22293	0	0.2778
22589226	8.35242	-1.58152	3.78083	-0.0485879	-0.089504	-0.18668	558800	0.634745	2.22293	0	0.25928
22589425	7.95703	-1.13672	1.68037	0.0856681	-0.0703246	0.00383588	559000	0.634745	2.22293	0	1.18528
22589630	12.3309	-0.815473	4.91755	0.287691	-0.0166222	0.230153	559200	0.634745	2.22293	0	2.81504
22589818	7.70992	-0.741339	2.6194	0.136813	0.246775	-0.0230153	559400	0.634745	2.22293	0	3.44472
22590018	8.79722	-0.667205	1.95219	-0.208416	-0.0460306	0.0562596	559600	0.634745	2.22293	0	5.01892
22590217	9.93394	-1.50739	4.91755	0.0703246	0.843895	-0.127863	559800	0.634745	2.22293	0	4.11144
22590422	6.54849	-0.642494	2.14988	-0.0984544	0.0460306	-0.368245	560000	0.634745	2.22293	0	4.01884
22590620	10.9965	-0.790761	2.54526	0.115077	-0.0230153	0.424505	560200	0.634745	2.22293	0	5.3708
22590819	9.31616	-0.469514	4.07736	0.0690459	-0.0690459	0.12147	560400	0.634745	2.22293	0	3.92624
22591019	7.14156	-0.494226	2.42171	-0.267233	-0.0869467	0.134256	560600	0.634745	2.22293	0	4.55592
22591220	12.751	-2.00161	4.29976	-0.398932	-0.187958	-0.108683	560800	0.634745	2.22293	0	4.42628
22591437	7.70992	-1.0873	1.72979	-0.0971757	0.0281298	-0.141928	561000	0.634745	2.22293	0	5.24116
22591623	9.21731	-1.16143	2.10046	0.0920612	-0.0498665	0.0677673	561200	0.634745	2.22293	0	5.11152
22591821	9.48913	-0.815473	4.47274	0.269791	0.253168	0.248054	561400	0.634745	2.22293	0	3.96328
22592021	6.94387	-1.26028	2.52055	0.200745	0.120191	0.0792749	561600	0.634745	2.22293	0	3.87068
22592222	10.6753	-1.11201	2.54526	-0.159829	-0.267233	-0.117634	561800	0.634745	2.22293	0	4.40776
22592428	8.62424	-2.1993	4.54688	-0.208416	0.054981	-0.134256	562000	0.634745	2.22293	0	3.62992
22592622	6.94387	-0.76605	2.00161	-0.00127863	-0.0153435	-0.250611	562200	0.634745	2.22293	0	4.64852
22592821	11.6884	-0.716627	3.01478	0.104848	-0.356737	0.0856681	562400	0.634745	2.22293	0	4.57444
22593020	8.30299	-0.56836	3.11362	-0.0664887	0.226317	0.0281298	562600	0.634745	2.22293	0	4.09292
22593221	8.15473	-0.345958	2.07575	-0.242939	-0.0946185	0.162386	562800	0.634744	2.22294	0	5.22264
22593424	10.6259	-1.55681	5.48591	-0.0332443	0.604791	0.00511451	563000	0.634744	2.22294	0	4.3522
22593621	7.51223	-0.939029	2.34757	-0.0588169	0.237825	-0.361852	563200	0.634744	2.22294	0	3.85216
22593822	9.46442	-0.988452	2.10046	-0.0383588	-0.034523	0.203302	563400	0.634744	2.22294	0	5.38932
22594024	8.7478	-0.0247113	5.2635	0.320936	0.0588169	-0.00639314	563600	0.634744	2.22294	0	4.33368
22594228	6.67205	-0.444803	2.49584	-0.166222	0.168779	0.147042	563800	0.634744	2.22294	0	4.66704
22594431	11.7626	-1.03787	2.76766	-0.253168	-0.425783	0.0626528	564000	0.634744	2.22294	0	5.2782
22594630	7.48752	-1.48268	3.95381	-0.152157	-0.282577	-0.131699	564200	0.634744	2.22294	0	4.18552
22594829	7.98175	-0.76605	1.85335	0.0306871	-0.0588169	0.010229	564400	0.634744	2.22294	0	4.94484
22595030	11.985	-0.148268	6.40022	0.242939	0.185401	-0.00383588	564600	0.634744	2.22294	0	4.94484
22595221	7.48752	-0.617782	2.8418	0.034523	0.311985	-0.0511451	564800	0.634744	2.22294	0	4.4448
22595425	9.21731	-0.271824	2.64411	-0.296642	-0.182844	0.162386	565000	0.634744	2.22294	0	5.20412
22595621	8.37713	-2.05104	5.16466	0.0230153	0.117634	-0.176451	565200	0.634744	2.22294	0	4.03736
22595824	6.22724	-0.716627	2.1993	-0.0242939	0.131699	-0.21481	565400	0.634744	2.22294	0	4.63
22596023	11.639	-0.939029	3.03949	0.162386	0.089504	0.337558	565600	0.634744	2.22294	0	5.093
22596223	8.57482	-1.26028	4.8187	0.0498665	-0.216088	0.0958971	565800	0.634744	2.22294	0	3.90772
22596426	7.09214	-0.642494	2.37228	-0.332443	-0.0230153	0.0127863	566000	0.634744	2.22294	0	4.64852
22596622	12.3062	-1.72979	3.80554	-0.526795	-0.496108	0.0089504	566200	0.634744	2.22294	0	4.64852
22596822	8.05588	-1.03787	3.16304	-0.210974	0.124027	-0.159829	566400	0.634744	2.22294	0	3.53732
22597023	7.63579	-1.16143	2.00161	0.054981	-0.0358016	0.0421947	566600	0.634744	2.22294	0	4.75964
22597233	10.3046	-1.11201	6.07898	0.322214	0.437291	0.0792749	566800	0.634744	2.22294	0	4.31516
22597426	6.52378	-1.13672	2.02633	0.245497	0.387424	-0.0204581	567000	0.634744	2.22294	0	4.38924
22597625	10.5023	-0.741339	2.47113	-0.150878	0.161107	0.0537024	567200	0.634744	2.22294	0	4.96336
22597822	7.63579	-2.10046	5.2635	0.159829	-0.305592	-0.230153	567400	0.634744	2.22294	0	3.96328
22598022	7.01801	-0.593071	2.6194	0.122748	0.257004	-0.176451	567600	0.634744	2.22294	0	4.75964
22598222	11.7132	-1.35912	2.42171	0.0255726	-0.164943	0.290249	567800	0.634744	2.22294	0	4.88928
22598424	8.57482	-0.914318	3.83025	0.162386	-0.181565	-0.00255726	568000	0.634744	2.22294	0	3.9818
22598621	7.6605	-0.617782	2.34757	-0.300478	-0.116355	0.148321	568200	0.634744	2.22294	0	4.87076
22598819	12.3556	-2.07575	5.56004	-0.15855	-0.239103	-0.0754391	568400	0.634744	2.22294	0	4.79668
22599019	7.46281	-0.840184	2.66882	-0.0153435	0.0217367	-0.274905	568600	0.634744	2.22294	0	4.00032
22599221	8.9702	-0.988452	2.22402	0.0230153	-0.0460306	0.222481	568800	0.634743	2.22294	0	5.1856
22599423	8.00646	-1.06259	4.79399	0.179008	0.374638	0.283855	569000	0.634743	2.22294	0	4.01884
22599631	6.37551	-1.5321	2.54526	-0.0485879	0.207138	-0.00255726	569200	0.634743	2.22294	0	4.64852
22599821	10.9471	-1.63095	3.45958	-0.285134	-0.0792749	-0.164943	569400	0.634743	2.22294	0	4.75964
22600020	8.27828	-1.87806	4.62101	-0.274905	-0.0089504	-0.285134	569600	0.634743	2.22294	0	3.75956
22600222	7.56165	-0.790761	2.49584	0.00767177	-0.120191	-0.0933399	569800	0.634743	2.22294	0	4.63
22600425	11.4413	-0.815473	5.95542	0.185401	0.0754391	0.0933399	570000	0.634743	2.22294	0	4.98188
22600624	7.6605	-0.914318	3.11362	0.161107	0.38231	-0.054981	570200	0.634743	2.22294	0	4.03736
22600824	8.87135	-0.543648	2.79238	-0.13937	-0.113798	0	570400	0.634743	2.22294	0	4.14848
22601022	8.87135	-1.13672	5.98013	-0.00639314	0.878418	0.125306	570600	0.634743	2.22294	0	4.0744
22601225	6.99329	-0.741339	2.69353	0.0882253	0.175172	-0.38231	570800	0.634743	2.22294	0	4.03736
22601430	9.93394	-0.914318	2.81709	0.107405	-0.159829	0.272348	571000	0.634743	2.22294	0	4.7226
22601623	8.87135	-0.123556	5.53533	0.244218	-0.19563	0.154714	571200	0.634743	2.22294	0	3.92624
22601822	7.2157	-0.815473	2.89122	-0.148321	0.0831108	0.212252	571400	0.634743	2.22294	0	4.01884
22602022	10.9718	-1.3097	3.13833	-0.209695	-0.314543	-0.181565	571600	0.634743	2.22294	0	4.55592
22602232	7.75934	-1.58152	3.63256	-0.216088	-0.159829	-0.209695	571800	0.634743	2.22294	0	3.20396
22602425	7.56165	-0.96374	2.42171	-0.129141	-0.101012	-0.0588169	572000	0.634743	2.22294	0	4.22256
22602622	12.6522	-0.617782	5.46119	0.0767177	-0.136813	0.0537024	572200	0.634743	2.22294	0	4.11144
22602822	7.73463	-1.45797	2.94064	-0.22376	0.246775	0.0140649	572400	0.634743	2.22294	0	3.09284
22603033	8.15473	-1.58152	2.74295	-0.911662	0.0856681	-0.378474	572600	0.634743	2.22294	0	3.8892
22603227	9.29144	-2.37228	5.85658	-1.29397	0.620135	-0.547253	572800	0.634743	2.22294	0	3.11136
22603429	7.28983	-1.80392	3.87967	-1.56504	0.439848	-0.572825	573000	0.634743	2.22294	0	4.51888
22603625	9.71154	-1.58152	2.91593	-1.30164	0.0127863	-0.304314	573200	0.634743	2.22294	0	3.53732
22603825	8.67366	-0.939029	4.44803	-0.790192	0.291527	0.12147	573400	0.634743	2.22294	0	3.44472
22604024	6.91916	-1.43325	2.397	-0.461585	0.543417	-0.202023	573600	0.634743	2.22294	0	3.77808
22604230	10.1811	-1.70508	3.60785	-0.664887	-0.162386	-0.240382	573800	0.634743	2.22294	0	3.8892
22604440	7.73463	-2.42171	4.8187	-0.444963	-0.269791	-0.404047	574000	0.634743	2.22294	0	3.50028
22604636	7.36396	-0.988452	2.52055	-0.239103	-0.104848	-0.194351	574200	0.634743	2.22294	0	3.12988
22604830	12.5039	-1.45797	2.99007	0.166222	-0.515287	0.196909	574400	0.634743	2.22294	0	4.00032
22605029	7.36396	-1.13672	2.91593	-0.0511451	-0.205859	0.157271	574600	0.634743	2.22294	0	4.75964
22605230	8.94549	-1.0873	2.44642	-0.501222	-0.127863	0.0639314	574800	0.634743	2.22294	0	3.241
22605438	10.873	-1.72979	5.58475	-0.144485	0.129141	-0.107405	575000	0.634743	2.22294	0	4.64852
22605632	7.68521	-0.518937	1.85335	0.112519	0.271069	-0.257004	575200	0.634743	2.22294	0	4.00032
22605831	10.4035	-1.58152	2.49584	0.0984544	-0.0754391	0.189237	575400	0.634743	2.22294	0	4.01884
22606030	8.17944	-0.939029	4.42332	0.32605	-0.0191794	0	575600	0.634743	2.22294	0	4.83372
22606227	6.15311	-1.16143	2.397	-0.0971757	0.190516	0.208416	575800	0.634743	2.22294	0	3.40768
22606431	12.2321	-1.9769	3.03949	-0.196909	-0.283855	-0.187958	576000	0.634743	2.22294	0	4.29664
22606629	7.53694	-1.40854	3.58314	-0.157271	-0.0421947	-0.161107	576200	0.634743	2.22294	0	4.24108
22606829	8.15473	-1.0873	2.52055	0.0524238	-0.0831108	-0.00383588	576400	0.634743	2.22294	0	4.24108
22607040	10.2799	0.271824	5.80715	0.166222	0.727539	0.0805536	576600	0.634743	2.22294	0	5.01892
22607231	6.86974	-0.889606	2.32286	0.1496	0.51273	0.13042	576800	0.634743	2.22294	0	4.09292
22607434	9.95865	-0.56836	2.91593	-0.207138	0.010229	-0.0946185	577000	0.634743	2.22294	0	4.01884
22607631	7.58637	-1.72979	4.12679	-0.0971757	0.193073	-0.204581	577200	0.634743	2.22294	0	4.12996
22607831	6.25196	-0.469514	2.29815	-0.044752	0.205859	-0.38231	577400	0.634743	2.22294	0	4.12996
22608039	11.9108	-0.296535	2.76766	0.0792749	-0.170058	0.131699	577600	0.634743	2.22294	0	4.59296
22608228	8.55011	-0.321247	4.34919	0.204581	-0.483321	0.0217367	577800	0.634743	2.22294	0	4.50036
22608434	7.6605	-0.222402	2.59469	-0.34523	-0.0984544	0.104848	578000	0.634743	2.22294	0	4.48184
22608629	11.3178	-1.5321	4.42332	-0.412997	-0.203302	0.0741604	578200	0.634743	2.22294	0	4.37072
22608827	7.83348	-0.543648	2.79238	-0.18668	0.250611	-0.308149	578400	0.634743	2.22294	0	3.96328
22609027	9.36558	-0.518937	2.56997	-0.0485879	-0.0664887	0.154714	578600	0.634743	2.22294	0	4.79668
22609228	8.89606	-0.222402	5.58475	0.328607	0.612463	0.0537024	578800	0.634743	2.22294	0	4.79668
22609432	6.1284	-0.815473	2.91593	0.228874	0.157271	0.210974	579000	0.634743	2.22294	0	3.64844
22609630	10.5023	-0.889606	3.26189	-0.157271	-0.383588	-0.010229	579200	0.634743	2.22294	0	5.0004
22609829	7.61108	-1.63095	4.91755	-0.0818322	-0.153435	-0.3171	579400	0.634743	2.22294	0	3.96328
22610029	7.63579	-0.494226	3.0642	0.0358016	-0.175172	-0.117634	579600	0.634744	2.22294	0	4.51888
22610228	11.812	-0.222402	4.02794	0.281298	-0.657215	0.136813	579800	0.634744	2.22294	0	5.093
22610432	6.89445	0.222402	2.07575	0.0153435	0.285134	0.0127863	580000	0.634744	2.22294	0	4.63
22610633	9.71154	0.370669	2.56997	-0.314543	0.0115077	0.162386	580200	0.634744	2.22294	0	4.59296
22610830	8.89606	-1.65566	4.99168	-0.147042	0.370802	-0.212252	580400	0.634744	2.22294	0	4.5374
22611042	6.44965	-0.0988452	2.24873	-0.0230153	0.168779	-0.35418	580600	0.634744	2.22294	0	4.22256
22611242	11.4413	-0.370669	2.81709	0.0779963	-0.0856681	0.230153	580800	0.634744	2.22294	0	4.61148
22611434	8.47597	-0.716627	4.44803	0.227596	-0.902712	-0.147042	581000	0.634744	2.22294	0	4.70408
22611632	7.19099	-0.667205	2.29815	-0.3171	0.0537024	0.0613742	581200	0.634744	2.22294	0	3.62992
22611831	11.2931	-0.76605	3.13833	-0.444963	-0.375917	0.0703246	581400	0.634744	2.22294	0	4.59296
22612028	7.48752	-0.617782	2.81709	-0.194351	0.218645	-0.22376	581600	0.634744	2.22294	0	4.05588
22612228	9.29144	-0.222402	2.54526	-0.0191794	0.0754391	-0.00511451	581800	0.634744	2.22294	0	4.92632
22612429	10.3046	-0.222402	6.99329	0.273626	0.465421	0.227596	582000	0.634744	2.22294	0	4.92632
22612622	6.72147	-0.914318	2.10046	0.185401	0.315821	0.0754391	582200	0.634744	2.22294	0	4.48184
22612834	10.3787	-0.56836	2.79238	-0.163664	-0.157271	0.0588169	582400	0.634744	2.22294	0	5.11152
22613028	7.90761	-1.50739	4.79399	-0.0485879	-0.552367	-0.397653	582600	0.634744	2.22294	0	5.07448
22613225	5.95542	-0.518937	2.44642	-0.0089504	0.044752	-0.425783	582800	0.634744	2.22294	0	4.09292
22613438	12.8004	-0.0988452	5.13995	0.147042	-0.0089504	0.185401	583000	0.634744	2.22294	0	5.25968
22613626	7.58637	-0.667205	3.60785	0.0716032	-0.0473092	0.18668	583200	0.634744	2.22294	0	4.63
22613828	9.01962	-0.271824	2.79238	-0.200745	-0.250611	-0.0600955	583400	0.634744	2.22294	0	4.77816
22614029	9.71154	-1.35912	6.44965	-0.0255726	0.682787	0.0779963	583600	0.634744	2.22294	0	4.83372
22614239	5.78244	-0.345958	2.1993	-0.0396375	0.235268	-0.448799	583800	0.634744	2.22294	0	4.3522
22614433	11.2683	-0.247113	3.08891	0.054981	-0.101012	0.328607	584000	0.634744	2.22294	0	4.46332
22614638	8.00646	0.148268	4.94226	0.366966	-0.467978	0.193073	584200	0.634744	2.22294	0	5.61156
22614825	6.17782	-0.716627	2.79238	-0.0460306	0.177729	0.342672	584400	0.634744	2.22294	0	4.64852
22615025	11.985	-1.5321	3.2866	-0.129141	-0.285134	0.0485879	584600	0.634744	2.22294	0	5.01892
22615239	7.80877	-1.0873	3.75612	0.0869467	-0.0460306	-0.337558	584800	0.634744	2.22294	0	5.0004
22615428	7.53694	-1.06259	2.05104	0.0664887	-0.265955	0.0383588	585000	0.634744	2.22294	0	4.9078
22615626	11.6143	-1.26028	7.26512	0.278741	0.56899	0.57794	585200	0.634744	2.22294	0	6.019
22615827	6.7956	-0.840184	2.86651	0.159829	0.099733	-0.0703246	585400	0.634744	2.22294	0	5.96344
22616026	8.52539	-0.543648	2.1993	-0.32605	-0.166222	0.0741604	585600	0.634744	2.22294	0	4.31516
22616225	8.99491	-2.27344	4.69514	-0.0767177	0.700688	0.00255726	585800	0.634744	2.22294	0	5.25968
22616430	6.32609	-0.815473	2.397	-0.162386	0.207138	-0.511451	586000	0.634744	2.22294	0	5.14856
22616631	11.0459	-0.914318	2.86651	0.0140649	-0.233989	0.200745	586200	0.634744	2.22294	0	4.70408
22616831	7.98175	-1.01316	3.60785	0.0818322	-0.703246	0.0319657	586400	0.634744	2.22294	0	5.81528
22617041	7.70992	-0.889606	2.17459	-0.340115	-0.0767177	0.0294084	586600	0.634744	2.22294	0	4.22256
22617229	11.2436	-2.37228	3.16304	-0.483321	-0.286413	0.115077	586800	0.634744	2.22294	0	5.68564
22617433	8.1053	-1.90277	3.0642	-0.216088	0.217367	-0.314543	587000	0.634744	2.22294	0	4.74112
22617627	8.45126	-1.0873	2.37228	0.00383588	-0.0473092	-0.203302	587200	0.634744	2.22294	0	3.94476
22617827	11.3425	-1.28499	6.84503	0.125306	0.437291	-0.0191794	587400	0.634744	2.22294	0	4.55592
22618028	7.26512	-1.33441	2.69353	-0.173893	0.237825	0.0843895	587600	0.634744	2.22294	0	3.96328
22618229	8.94549	-1.0873	3.53371	-0.599677	0.0818322	-0.168779	587800	0.634744	2.22294	0	3.25952
22618428	8.99491	-2.29815	4.79399	-0.77357	0.661051	-0.225039	588000	0.634744	2.22294	0	3.704
22618625	6.96858	-2.07575	3.11362	-0.856681	0.231432	-0.645707	588200	0.634744	2.22294	0	2.81504
22618827	10.1811	-1.7545	2.81709	-0.90399	-0.00383588	-0.15855	588400	0.634744	2.22294	0	2.20388
22619021	7.38868	-1.50739	5.0411	-0.703246	0.0319657	-0.0613742	588600	0.634744	2.22294	0	2.315
22619223	7.14156	-1.06259	2.71824	-1.06382	0.287691	-0.176451	588800	0.634744	2.22294	0	2.24092
22619426	10.9471	-1.82864	3.75612	-1.01139	0.0140649	-0.161107	589000	0.634745	2.22294	0	2.18536
22619629	7.6605	-2.47113	4.29976	-0.912941	-0.341394	-0.291527	589200	0.634745	2.22294	0	2.27796
22619827	7.09214	-1.48268	3.08891	-0.457749	-0.126584	-0.455192	589400	0.634745	2.22294	0	0.68524
22620038	12.0097	-1.28499	2.89122	0.0933399	-0.813208	-0.0831108	589600	0.634745	2.22294	0	1.96312
22620232	7.70992	-1.16143	3.36074	0.0166222	-0.32605	0.0818322	589800	0.634745	2.22294	0	2.8706
22620431	8.82193	-0.691916	2.397	-0.397653	-0.0907826	0.0754391	590000	0.634745	2.22294	0	1.35196
22620628	11.1942	-2.12517	3.70669	-0.236546	-0.310707	0.0255726	590200	0.634745	2.22294	0	2.44464
22620828	7.53694	-1.45797	2.17459	-0.155993	0.480764	-0.205859	590400	0.634745	2.22294	0	3.46324
22621025	8.79722	-1.35912	2.79238	-0.0779963	0.147042	-0.0460306	590600	0.634745	2.22294	0	3.46324
22621229	9.06904	0.19769	6.69676	0.0779963	0.834944	0.176451	590800	0.634745	2.22294	0	4.74112
22621431	6.74618	-1.06259	3.08891	0.21481	0.427062	0.132977	591000	0.634745	2.22294	0	4.61148
22621634	10.6753	-0.593071	4.12679	0.0153435	-0.182844	-0.0498665	591200	0.634745	2.22294	0	4.7226
22621837	8.03117	-3.23718	5.18937	-0.1496	-0.216088	-0.125306	591400	0.634745	2.22294	0	4.77816
22622040	6.89445	-0.96374	2.22402	0.0434734	-0.0869467	-0.225039	591600	0.634745	2.22294	0	4.167
22622233	12.8499	0.0247113	2.71824	0.716032	-0.850288	0.246775	591800	0.634745	2.22294	0	5.11152
22622437	7.85819	-1.11201	2.00161	0.322214	0.267233	0.22376	592000	0.634745	2.22294	0	4.37072
22622634	9.415	-0.914318	1.38383	-0.28897	-0.203302	0.1496	592200	0.634745	2.22294	0	4.50036
22622837	8.20415	-2.69353	4.57159	-0.0856681	0.233989	0.148321	592400	0.634745	2.22294	0	4.61148
22623030	6.44965	-1.33441	2.22402	-0.00767177	0.551089	-0.617577	592600	0.634745	2.22294	0	4.24108
22623229	11.8367	-0.790761	3.48429	0.118912	-0.00255726	0.226317	592800	0.634745	2.22294	0	4.87076
22623432	8.05588	-0.889606	4.39861	0.235268	-0.612463	-0.044752	593000	0.634745	2.22294	0	5.20412
22623632	6.86974	-0.76605	2.1993	-0.379753	-0.187958	0.054981	593200	0.634745	2.22294	0	4.57444
22623828	11.6637	-2.27344	3.36074	-0.349066	-0.365688	-0.141928	593400	0.634745	2.22294	0	4.59296
22624028	7.11685	-0.96374	2.79238	-0.359295	0.125306	-0.368245	593600	0.634745	2.22294	0	4.2596
22624229	9.51385	-1.38383	2.22402	-0.152157	0.126584	0.0933399	593800	0.634745	2.22294	0	4.55592
22624430	8.77251	0.123556	4.44803	0.144485	0.553646	0.0716032	594000	0.634745	2.22294	0	4.63
22624628	6.40022	-1.0873	2.37228	0.0933399	0.254447	0.221203	594200	0.634745	2.22294	0	4.55592
22624825	10.4529	-0.815473	2.69353	-0.154714	0.00511451	0.111241	594400	0.634745	2.22294	0	4.57444
22625027	8.08059	-3.16304	4.94226	-0.276184	-0.359295	-0.29792	594600	0.634745	2.22294	0	4.27812
22625240	6.32609	-0.716627	2.32286	0.0882253	0.141928	-0.216088	594800	0.634745	2.22294	0	4.33368
22625432	12.9487	-1.23556	3.53371	0.0907826	-0.502501	0.28002	595000	0.634745	2.22294	0	5.093
22625630	7.28983	-0.617782	2.8418	0.0140649	0.103569	0.108683	595200	0.634745	2.22294	0	4.37072
22625829	8.15473	-0.667205	2.00161	-0.429619	-0.175172	0.0971757	595400	0.634745	2.22294	0	4.4448
22626028	11.2436	-2.42171	6.77089	-0.22376	0.572825	0.122748	595600	0.634745	2.22294	0	4.98188
22626231	7.04272	-0.345958	1.87806	0.170058	-0.0613742	-0.384867	595800	0.634746	2.22294	0	4.20404
22626444	11.3178	-1.60623	3.16304	0.166222	0.0140649	0.301756	596000	0.634746	2.22294	0	4.8152
22626631	7.33925	-0.741339	5.31293	0.235268	-0.304314	0.0306871	596200	0.634746	2.22294	0	4.79668
22626829	6.37551	-2.17459	2.44642	-0.122748	0.0767177	0.328607	596400	0.634746	2.22294	0	4.74112
22627029	10.9965	-2.44642	2.86651	-0.322214	-0.278741	0.143206	0	0	0	0	0
22627039	11.7873	-2.49584	3.31131	-0.340115	-0.346508	0.138092	596600	0.634746	2.22294	0	4.8152
22627231	8.08059	-1.77921	3.18776	-0.218645	0.207138	-0.268512	596800	0.634746	2.22294	0	4.42628
22627431	8.17944	-1.26028	2.1993	-0.0524238	-0.187958	-0.0140649	597000	0.634746	2.22294	0	4.50036
22627633	9.90923	-1.60623	7.58637	0.305592	0.460306	0.378474	597200	0.634746	2.22294	0	4.96336
22627830	6.37551	-1.33441	2.37228	0.242939	0.294084	0.217367	597400	0.634746	2.22294	0	4.48184
22628030	9.16789	-1.95219	3.18776	-0.283855	-0.0933399	0.034523	597600	0.634746	2.22294	0	4.51888
22628228	7.78406	-3.7314	6.3508	-0.200745	0.127863	-0.347787	597800	0.634746	2.22294	0	4.38924
22628431	6.64734	-1.7545	2.94064	0.0230153	-0.0140649	-0.278741	598000	0.634746	2.22294	0	4.31516
22628628	11.9603	-2.69353	2.34757	-0.113798	-0.534467	0.0869467	598200	0.634746	2.22294	0	4.94484
22628830	7.90761	-1.01316	3.80554	-0.21481	-0.290249	0.0728818	598400	0.634746	2.22294	0	4.46332
22629022	7.33925	-1.45797	2.47113	-0.460306	-0.0370802	0.0306871	598600	0.634746	2.22294	0	4.3522
22629222	11.9603	-2.86651	4.5963	-0.402768	-0.21481	-0.12147	598800	0.634746	2.22294	0	5.11152
22629435	7.38868	-1.82864	2.397	0.0690459	0.386146	-0.267233	599000	0.634746	2.22294	0	4.00032
22629622	8.79722	-1.9769	2.81709	0.107405	-0.0690459	0.106126	599200	0.634746	2.22294	0	4.50036
22629822	8.89606	-2.32286	5.06581	0.254447	0.457749	0.263397	599400	0.634746	2.22294	0	4.96336
22630021	6.15311	-2.29815	3.01478	0.187958	0.450077	0.0984544	599600	0.634746	2.22294	0	4.22256
22630220	9.88452	-1.72979	3.58314	-0.185401	-0.153435	-0.099733	599800	0.634746	2.22294	0	4.31516
22630424	6.91916	-3.03949	6.42494	-0.106126	0.416833	-0.107405	600000	0.634746	2.22294	0	4.94484
22630625	6.49907	-1.65566	2.8418	-0.0153435	-0.129141	-0.416833	600200	0.634746	2.22294	0	4.22256
22630817	11.985	-2.29815	2.6194	0.154714	-0.328607	0.265955	600400	0.634746	2.22294	0	4.92632
22631032	6.91916	-1.72979	4.10207	0.155993	-0.0882253	0.0882253	600600	0.634746	2.22294	0	4.87076
22631229	8.89606	-1.90277	3.33602	-0.343951	-0.171336	0.147042	600800	0.634746	2.22294	0	4.11144
22631442	8.05588	-2.71824	5.41177	-0.00127863	0.465421	0.0127863	601000	0.634746	2.22294	0	4.87076
22631626	7.06743	-1.82864	2.42171	0.0332443	0.173893	-0.466699	601200	0.634746	2.22294	0	4.20404
22631829	9.95865	-2.79238	2.69353	-0.00767177	0.0754391	0.368245	601400	0.634746	2.22294	0	4.3522
22632039	7.46281	-2.29815	6.27667	0.386146	-0.034523	-0.0460306	601600	0.634746	2.22294	0	4.8152
22632225	6.64734	-2.44642	3.33602	0.0115077	0.193073	0.170058	601800	0.634747	2.22294	0	4.11144
22632432	10.7	-3.68198	3.16304	-0.295363	-0.0600955	0.0843895	602000	0.634747	2.22294	0	4.22256
22632629	7.26512	-3.87967	4.76928	-0.176451	-0.343951	-0.274905	602200	0.634747	2.22294	0	4.51888
22632826	7.06743	-2.05104	3.16304	-0.0460306	0.0626528	-0.327329	602400	0.634747	2.22294	0	4.05588
22633036	11.5649	-3.53371	5.56004	-0.171336	-0.176451	0.0524238	602600	0.634747	2.22294	0	4.83372
22633224	7.38868	-2.10046	4.10207	-0.23271	-0.217367	0.0843895	602800	0.634747	2.22294	0	4.12996
22633423	8.30299	-2.00161	2.47113	-0.273626	-0.204581	0.0588169	603000	0.634747	2.22294	0	4.12996
22633620	10.3787	-3.95381	5.6836	-0.405325	-0.333722	0.00767177	603200	0.634747	2.22294	0	4.79668
22633818	7.48752	-2.66882	2.6194	-0.0396375	0.387424	-0.300478	603400	0.634747	2.22294	0	3.75956
22634029	8.94549	-2.8418	2.05104	-0.172615	-0.349066	0.255726	603600	0.634747	2.22294	0	4.0744
22634217	7.78406	-3.36074	3.41016	-0.0089504	0.404047	-0.0140649	603800	0.634747	2.22294	0	4.18552
22634423	6.62263	-3.16304	2.89122	-0.06521	0.368245	0.0664887	604000	0.634747	2.22294	0	3.704
22634622	8.42655	-3.63256	2.99007	-0.81065	0.32605	-0.424505	604200	0.634747	2.22294	0	3.68548
22634821	6.99329	-4.29976	5.85658	-0.823437	0.659772	-0.453913	604400	0.634747	2.22294	0	3.704
22635024	5.98013	-3.26189	5.48591	-0.709639	0.418111	-0.480764	604600	0.634747	2.22294	0	3.62992
22635224	9.93394	-3.13833	3.83025	-0.603513	-0.0306871	-0.265955	604800	0.634747	2.22294	0	3.92624
22635433	7.51223	-2.59469	5.51062	-0.76462	-0.010229	-0.225039	605000	0.634747	2.22294	0	2.64836
22635630	7.33925	-2.99007	4.07736	-0.980708	-0.0294084	-0.276184	605200	0.634747	2.22294	0	2.75948
22635831	10.3293	-4.00323	5.73302	-1.02546	-0.347787	-0.412997	605400	0.634747	2.22294	0	2.44464
22636028	7.33925	-2.397	2.6194	-0.478207	0.379753	-0.489715	605600	0.634747	2.22294	0	2.35204
22636229	8.87135	-2.37228	2.1993	-0.202023	-0.335001	-0.177729	605800	0.634747	2.22294	0	3.12988
22636432	8.77251	-0.988452	2.42171	-0.478207	-0.233989	-0.689181	606000	0.634747	2.22294	0	3.03728
22636631	7.04272	-1.35912	2.22402	0.193073	0.620135	-0.0115077	606200	0.634747	2.22294	0	3.44472
22636830	9.415	-1.06259	2.12517	-0.163664	0.309428	0.185401	606400	0.634747	2.22294	0	4.61148
22637028	8.52539	-1.95219	3.509	-0.177729	0.32605	-0.171336	606600	0.634747	2.22294	0	3.16692
22637228	7.28983	-1.23556	1.90277	-0.189237	0.496108	-0.41044	606800	0.634747	2.22294	0	3.66696
22637432	10.527	-1.70508	2.24873	-0.0792749	0.0396375	0.276184	607000	0.634747	2.22294	0	5.66712
22637627	8.50068	-1.92748	5.80715	0.106126	-0.0140649	0.115077	607200	0.634747	2.22294	0	2.778
22637830	6.27667	-1.60623	2.91593	0.115077	0.134256	0.0933399	607400	0.634747	2.22294	0	4.05588
22638024	9.83509	-1.28499	2.49584	-0.269791	-0.159829	-0.163664	607600	0.634747	2.22294	0	5.53748
22638224	10.1316	-1.40854	6.77089	-0.0805536	0.655936	-0.329886	607800	0.634747	2.22294	0	3.57436
22638429	6.74618	-0.494226	2.56997	0.0907826	0.089504	-0.173893	608000	0.634747	2.22294	0	4.31516
22638623	11.5649	-0.494226	3.0642	0.200745	-0.358016	0.182844	608200	0.634747	2.22294	0	4.85224
22638829	8.57482	0.148268	3.48429	0.0933399	-0.0856681	0.194351	608400	0.634747	2.22294	0	3.9818
22639027	7.83348	-0.370669	2.44642	-0.0869467	-0.225039	0.0958971	608600	0.634747	2.22294	0	5.57452
22639228	10.1563	-1.87806	4.89284	-0.191794	0.00511451	-0.0306871	608800	0.634747	2.22294	0	4.18552
22639430	6.17782	-0.370669	2.02633	-0.254447	0.182844	-0.515287	609000	0.634747	2.22294	0	3.87068
22639625	10.8483	-0.76605	2.52055	-0.0485879	-0.0396375	0.263397	609200	0.634747	2.22294	0	5.4634
22639822	9.04433	-0.0247113	4.8187	0.172615	-0.00127863	0.0294084	609400	0.634747	2.22294	0	2.778
22640020	6.20253	-0.642494	2.59469	-0.0907826	-0.0242939	0.264676	609600	0.634747	2.22294	0	5.093
22640218	11.8367	-1.16143	2.37228	-0.0588169	-0.172615	0.00639314	609800	0.634747	2.22294	0	4.57444
22640423	8.40184	-2.29815	4.12679	-0.180287	-0.204581	-0.159829	610000	0.634746	2.22294	0	2.61132
22640619	7.33925	-0.914318	2.14988	0.144485	-0.190516	-0.303035	610200	0.634746	2.22294	0	3.38916
22640819	12.9734	-0.518937	5.46119	0.258283	-0.182844	0.213531	610400	0.634746	2.22294	0	2.57428
22641019	6.96858	-1.21085	2.74295	0.0306871	0.216088	0.230153	610600	0.634746	2.22294	0	2.57428
22641220	8.7478	-1.23556	2.44642	-0.217367	-0.0191794	-0.0396375	610800	0.634746	2.22294	0	3.22248
22641423	8.15473	-1.87806	4.71986	-0.0716032	0.45647	-0.0831108	611000	0.634746	2.22294	0	2.5002
22641620	6.64734	-0.469514	1.3097	0.0498665	0.450077	-0.467978	611200	0.634746	2.22294	0	2.5002
22641820	11.4166	-1.33441	2.49584	0.147042	-0.171336	0.222481	611400	0.634746	2.22294	0	3.01876
22642032	8.87135	-0.593071	4.91755	0.342672	-0.352901	-0.0115077	611600	0.634746	2.22294	0	2.92616
22642222	6.22724	-1.0873	2.79238	-0.010229	-0.06521	0.157271	611800	0.634746	2.22294	0	3.62992
22642424	12.8499	-1.77921	5.11524	-0.235268	-0.322214	-0.190516	612000	0.634746	2.22294	0	3.01876
22642639	7.28983	-0.617782	2.44642	0.0255726	0.305592	-0.331165	612200	0.634746	2.22294	0	2.44464
22642827	8.67366	-0.96374	2.29815	-0.0268512	-0.0843895	0.0460306	0	0	0	0	0
22642851	9.58798	-0.543648	2.44642	-0.0319657	0.0217367	0.205859	612400	0.634746	2.22294	0	2.79652
22643026	9.04433	-1.48268	6.15311	0.219924	0.245497	0.351623	612800	0.634746	2.22294	0	2.74096
22643437	10.4282	-0.518937	2.66882	-0.285134	0	-0.0677673	613000	0.634746	2.22294	0	2.79652
22643624	8.52539	-2.99007	5.906	-0.308149	0.409161	-0.22376	613200	0.634746	2.22294	0	2.44464
22643821	6.77089	-0.370669	2.56997	-0.0831108	-0.0179008	-0.464142	613400	0.634746	2.22294	0	2.14832
22644021	11.6143	-0.444803	2.34757	0.366966	-0.618856	0.163664	613600	0.634746	2.22294	0	2.24092
22644222	8.35242	-0.914318	2.69353	0.451356	-0.00127863	0.268512	613800	0.634746	2.22294	0	2.33352
22644426	8.52539	-0.395381	1.9769	-0.3171	-0.209695	-0.0677673	614000	0.634746	2.22294	0	2.24092
22644624	11.985	-1.87806	5.36235	-0.0933399	0.245497	0.361852	614200	0.634746	2.22294	0	2.27796
22644824	7.33925	-0.840184	2.05104	-0.0626528	0.196909	-0.483321	614400	0.634746	2.22294	0	2.24092
22645024	8.87135	-1.60623	2.10046	0.06521	-0.0332443	0.107405	614600	0.634746	2.22294	0	2.25944
22645224	8.45126	-0.321247	5.2635	-0.0920612	0.49355	-0.0754391	614800	0.634746	2.22294	0	2.27796
22645428	6.42494	-1.26028	2.54526	-0.22376	0.108683	-0.0268512	615000	0.634746	2.22294	0	3.29656
22645626	10.9224	-0.864895	2.86651	-0.1496	-0.246775	-0.148321	615200	0.634746	2.22294	0	3.87068
22645828	8.22886	-2.29815	4.94226	-0.263397	-0.245497	-0.29792	615400	0.634746	2.22294	0	2.53724
22646027	7.06743	-0.76605	2.05104	0.153435	0.1496	-0.292806	615600	0.634746	2.22294	0	2.98172
22646229	13.1958	0.370669	3.7314	0.613742	-0.927005	0.15855	615800	0.634746	2.22294	0	3.29656
22646430	7.19099	-0.691916	2.6194	-0.0383588	0.306871	0.198187	616000	0.634746	2.22294	0	2.46316
22646627	9.16789	-0.296535	1.60623	-0.257004	-0.0191794	-0.0613742	616200	0.634746	2.22294	0	3.1484
22646827	12.3309	-1.21085	4.64572	-0.177729	0.0562596	0.268512	616400	0.634746	2.22294	0	3.20396
22647025	7.85819	-0.123556	1.95219	-0.101012	0.132977	-0.420669	616600	0.634746	2.22294	0	3.12988
22647225	9.06904	-0.518937	1.92748	0.0728818	0.132977	0.13937	616800	0.634746	2.22294	0	4.4448
22647430	8.7478	0.370669	4.79399	-0.285134	0.478207	0.0626528	617000	0.634746	2.22294	0	2.90764
22647626	6.44965	-1.06259	2.64411	-0.104848	0.300478	0.157271	617200	0.634746	2.22294	0	3.68548
22647826	10.7741	-0.518937	3.23718	-0.170058	-0.161107	0.0166222	617400	0.634746	2.22294	0	4.12996
22648026	8.40184	-1.9769	4.8187	-0.0984544	-0.06521	-0.113798	617600	0.634746	2.22294	0	2.75948
22648227	6.82032	-0.296535	2.37228	-0.12147	0.140649	-0.313264	617800	0.634746	2.22294	0	3.75956
22648430	12.5286	-0.370669	3.43487	0.576661	-0.563875	0.143206	618000	0.634746	2.22294	0	3.74104
22648631	7.78406	-0.395381	2.8418	0.141928	0.132977	0.150878	618200	0.634746	2.22294	0	3.25952
22648828	7.80877	-0.148268	1.95219	-0.294084	-0.28002	0.0933399	618400	0.634746	2.22294	0	4.7226
22649029	11.812	-0.889606	6.1284	0.034523	0.1675	0.277462	618600	0.634746	2.22294	0	3.62992
22649229	8.30299	-0.543648	2.56997	0.244218	-0.0498665	-0.342672	618800	0.634746	2.22294	0	2.9632
22649430	9.39029	-0.716627	2.17459	-0.0242939	-0.0358016	0.268512	619000	0.634746	2.22294	0	4.64852
22649631	8.17944	0.247113	4.8187	-0.0306871	0.44752	0.384867	619200	0.634746	2.22294	0	3.50028
22649830	6.25196	-1.01316	2.22402	0.0332443	0.389982	0.191794	619400	0.634746	2.22294	0	3.92624
22650030	10.4282	-0.889606	3.03949	-0.346508	0.0946185	-0.109962	619600	0.634746	2.22294	0	4.8152
22650230	8.05588	-2.05104	5.73302	-0.414276	0.184122	-0.306871	619800	0.634746	2.22294	0	3.241
22650434	7.53694	-0.716627	2.69353	-0.336279	0.0511451	-0.35418	620000	0.634746	2.22293	0	3.75956
22650627	10.7988	-0.889606	2.05104	-0.0562596	-0.291527	0.0779963	620200	0.634746	2.22293	0	3.68548
22650826	7.83348	-1.65566	4.3739	-0.124027	-0.623971	-0.202023	620400	0.634746	2.22293	0	2.57428
22651030	8.1053	-1.48268	2.86651	-0.976872	0.140649	-0.161107	620600	0.634746	2.22293	0	2.88912
22651240	9.66211	-1.68037	4.57159	-1.54714	-0.290249	-0.580497	620800	0.634746	2.22293	0	2.33352
22651431	8.35242	-1.68037	3.63256	-1.5318	0.0703246	-0.446241	621000	0.634746	2.22293	0	2.44464
22651634	9.14318	-1.80392	2.71824	-1.41544	0.162386	-0.299199	621200	0.634746	2.22293	0	3.55584
22651830	11.3425	-0.321247	3.2866	-0.632921	-0.441127	-0.06521	621400	0.634746	2.22293	0	2.62984
22652026	7.24041	-0.691916	3.92909	-0.498665	-0.153435	-0.117634	621600	0.634746	2.22293	0	2.62984
22652227	8.47597	-1.0873	2.6194	-0.466699	0.00639314	-0.0358016	621800	0.634746	2.22293	0	3.8892
22652431	11.4413	-1.70508	4.05265	0.118912	0.0421947	-0.0498665	622000	0.634746	2.22293	0	3.77808
22652630	7.4381	-1.50739	3.87967	-0.173893	-0.360573	-0.303035	622200	0.634746	2.22293	0	3.07432
22652832	8.62424	-0.691916	2.05104	-0.303035	-0.358016	-0.319657	622400	0.634746	2.22293	0	3.59288
22653031	11.7379	-0.56836	5.73302	0.768456	-1.00117	0.13937	622600	0.634746	2.22294	0	4.05588
22653230	7.31454	-1.11201	2.17459	0.0971757	0.392539	0.333722	622800	0.634746	2.22294	0	3.5188
22653436	9.16789	-0.56836	2.37228	-0.225039	0.0869467	-0.0728818	623000	0.634746	2.22294	0	4.40776
22653630	10.2799	-0.395381	6.00484	-0.0779963	0.25189	0.145764	623200	0.634746	2.22294	0	3.94476
22653839	7.4381	-0.56836	2.22402	-0.104848	-0.0588169	-0.384867	623400	0.634746	2.22294	0	3.92624
22654030	10.1563	-0.988452	2.14988	-0.0383588	0.140649	0.185401	623600	0.634746	2.22294	0	4.46332
22654229	6.99329	0.247113	3.45958	-0.263397	0.496108	0.0204581	623800	0.634746	2.22294	0	4.3522
22654434	6.94387	-1.03787	2.6194	-0.0588169	0.341394	0.0971757	624000	0.634746	2.22294	0	4.24108
22654630	10.6753	-0.642494	2.52055	-0.22376	-0.154714	-0.154714	624200	0.634746	2.22294	0	4.29664
22654829	9.1926	-1.40854	4.5963	-0.461585	0.379753	-0.522959	624400	0.634746	2.22294	0	3.77808
22655030	7.2157	-0.271824	1.85335	-0.0869467	-0.129141	-0.19563	624600	0.634746	2.22294	0	3.81512
22655230	12.2568	0.469514	2.02633	0.490993	-0.843895	0.177729	624800	0.634746	2.22294	0	4.83372
22655435	7.8829	-0.518937	2.24873	0.207138	0.242939	0.125306	625000	0.634746	2.22294	0	3.6114
22655631	9.46442	-0.345958	1.63095	-0.21481	0.00383588	0	625200	0.634746	2.22294	0	3.6114
22655833	11.2189	-1.11201	4.71986	0.319657	-0.402768	0.303035	625400	0.634745	2.22294	0	3.74104
22656041	7.53694	-0.494226	1.18614	-0.0703246	-0.19563	-0.274905	625600	0.634745	2.22294	0	3.81512
22656237	10.6259	-0.889606	1.95219	0.0588169	0.54981	0.172615	625800	0.634745	2.22294	0	4.27812
22656435	8.92078	-0.0494226	3.31131	0.283855	-0.034523	0.488436	626000	0.634745	2.22294	0	4.24108
22656628	7.06743	-1.11201	1.50739	-0.244218	0.144485	-0.0600955	626200	0.634745	2.22294	0	3.90772
22656831	11.8367	-0.76605	2.27344	-0.295363	0.0907826	0	626400	0.634745	2.22294	0	3.96328
22657034	9.16789	-2.24873	4.94226	-0.208416	0.44752	-0.172615	626600	0.634745	2.22294	0	3.85216
22657236	7.11685	-0.889606	1.55681	-0.0831108	0.0741604	-0.369524	626800	0.634745	2.22294	0	3.94476
22657432	12.6275	-0.543648	2.34757	0.292806	-0.754391	0.0409161	627000	0.634745	2.22294	0	4.87076
22657629	7.78406	0.247113	2.59469	0.38231	0.0115077	0.255726	627200	0.634745	2.22294	0	4.03736
22657831	8.35242	-0.420092	1.7545	-0.112519	-0.0255726	0.0575383	627400	0.634745	2.22294	0	4.3522
22658028	12.3309	-1.63095	4.86812	0.135535	0.010229	0.162386	627600	0.634745	2.22294	0	4.4448
22658228	7.53694	-0.494226	2.42171	-0.0971757	-0.0626528	-0.273626	627800	0.634745	2.22294	0	3.92624
22658434	8.84664	-0.271824	1.70508	0.129141	0.0383588	0.0958971	628000	0.634745	2.22294	0	4.40776
22658629	9.43971	0.296535	4.64572	-0.176451	0.200745	0.161107	628200	0.634745	2.22294	0	4.3522
22658828	6.69676	-0.716627	1.68037	-0.0319657	0.227596	0.193073	628400	0.634745	2.22294	0	3.92624
22659027	10.6753	-0.420092	1.95219	-0.140649	0.15855	0.108683	628600	0.634745	2.22294	0	4.37072
22659228	8.7478	-0.96374	3.80554	-0.136813	0.539581	0.0140649	628800	0.634745	2.22294	0	4.24108
22659432	6.64734	-0.691916	1.92748	-0.19563	0.134256	-0.32605	629000	0.634745	2.22294	0	3.92624
22659629	11.6143	-0.889606	2.52055	0.253168	-0.397653	0.181565	629200	0.634745	2.22294	0	4.83372
22659829	8.84664	-0.741339	4.3739	0.0460306	0.389982	-0.0217367	629400	0.634745	2.22294	0	3.85216
22660027	6.96858	-0.469514	2.14988	-0.347787	0.0306871	0.00255726	629600	0.634745	2.22294	0	4.61148
22660236	12.8004	-1.92748	3.41016	-0.378474	-0.517844	0.135535	629800	0.634745	2.22294	0	4.29664
22660429	8.59953	-0.939029	2.99007	-0.153435	-0.138092	-0.120191	630000	0.634745	2.22294	0	3.8892
22660628	8.08059	-0.593071	1.58152	0.054981	-0.0677673	0.0933399	630200	0.634745	2.22294	0	4.29664
22660827	11.1201	-0.543648	5.16466	0.117634	-0.13937	0.0946185	630400	0.634745	2.22294	0	4.33368
22661028	6.54849	-1.0873	2.1993	-0.116355	0.299199	0.112519	630600	0.634745	2.22294	0	4.22256
22661224	9.24202	-0.148268	2.07575	-0.184122	0.134256	0.0588169	630800	0.634745	2.22294	0	4.29664
22661428	8.08059	-1.0873	3.41016	-0.0869467	0.203302	-0.161107	631000	0.634745	2.22294	0	3.7966
22661635	6.84503	-0.494226	2.17459	-0.0370802	-0.0524238	-0.291527	631200	0.634745	2.22294	0	4.167
22661824	10.9718	0.0988452	2.79238	0.255726	-0.233989	0.22376	631400	0.634745	2.22294	0	4.22256
22662023	8.94549	0.370669	4.20092	-0.0639314	0.285134	-0.0767177	631600	0.634745	2.22294	0	4.18552
22662228	7.28983	-0.395381	2.27344	-0.0306871	-0.0703246	0.06521	631800	0.634745	2.22294	0	4.2596
22662429	12.0344	-0.889606	3.31131	-0.0294084	-0.589448	0.10229	632000	0.634744	2.22294	0	4.14848
22662627	8.57482	-1.26028	2.96535	-0.253168	0.173893	-0.3171	632200	0.634744	2.22294	0	4.01884
22662838	9.24202	-0.395381	2.12517	-0.0370802	0.141928	0.117634	632400	0.634744	2.22294	0	4.03736
22663038	9.56327	0.0247113	3.70669	-0.0306871	0.107405	0.161107	632600	0.634744	2.22294	0	4.09292
22663224	7.36396	-0.543648	2.42171	0.00255726	0.274905	0.0716032	632800	0.634744	2.22294	0	4.03736
22663431	9.83509	-0.247113	2.56997	-0.145764	-0.118912	-0.0869467	633000	0.634744	2.22294	0	4.75964
22663628	8.00646	-0.667205	3.43487	-0.154714	0.175172	-0.034523	633200	0.634744	2.22294	0	3.96328
22663825	7.01801	-0.296535	2.10046	-0.0204581	-0.00639314	-0.296642	633400	0.634744	2.22294	0	4.03736
22664025	10.7247	-0.172979	2.52055	0.236546	-0.276184	0.320936	633600	0.634744	2.22294	0	4.12996
22664237	8.52539	-0.123556	4.44803	0.10229	0.177729	0.0383588	633800	0.634744	2.22294	0	4.09292
22664442	7.01801	-0.617782	2.56997	-0.0779963	0.00127863	0.134256	634000	0.634744	2.22294	0	4.22256
22664630	12.6028	-0.296535	3.23718	-0.0370802	-0.882253	-0.187958	634200	0.634744	2.22294	0	4.51888
22664826	8.30299	-0.469514	3.31131	-0.379753	0.249333	-0.163664	634400	0.634744	2.22294	0	3.35212
22665026	8.47597	0.395381	1.43325	-0.159829	0.227596	-0.218645	634600	0.634744	2.22294	0	4.14848
22665236	10.9224	0.172979	4.49745	-0.132977	0.190516	0.54981	634800	0.634744	2.22294	0	4.24108
22665430	7.24041	-0.444803	2.07575	0.0473092	0.22376	-0.0728818	635000	0.634744	2.22294	0	3.81512
22665619	9.29144	0.123556	1.87806	-0.161107	-0.0434734	-0.0677673	635200	0.634744	2.22294	0	4.70408
22665820	8.82193	-1.11201	3.60785	-0.19563	0.175172	0.281298	635400	0.634744	2.22294	0	3.704
22666019	6.44965	0.0741339	1.90277	-0.246775	-0.089504	-0.292806	635600	0.634744	2.22294	0	4.01884
22666218	11.0707	-0.939029	2.44642	0.273626	-0.124027	0.42834	635800	0.634744	2.22294	0	4.31516
22666431	8.45126	-1.26028	5.36235	-0.0242939	-0.0217367	-0.265955	636000	0.634744	2.22294	0	3.59288
22666617	7.04272	-0.345958	2.17459	-0.193073	0.141928	-0.0882253	636200	0.634744	2.22294	0	4.11144
22666818	10.7	-0.494226	1.85335	-0.18668	-0.398932	-0.126584	636400	0.634744	2.22294	0	4.12996
22667018	8.82193	-1.60623	3.92909	-0.654658	0.489715	-0.565154	636600	0.634744	2.22294	0	3.00024
22667218	7.06743	0.0247113	1.90277	0.010229	-0.0677673	-0.175172	636800	0.634744	2.22294	0	3.87068
22667424	12.3556	0.420092	1.70508	0.358016	-0.654658	0.0690459	637000	0.634744	2.22294	0	3.90772
22667619	7.83348	0	4.34919	-0.13937	-0.10229	0.0792749	637200	0.634744	2.22294	0	3.40768
22667820	7.73463	-0.617782	2.12517	-0.755669	-0.26084	-0.153435	637400	0.634744	2.22294	0	3.5188
22668020	10.7741	-0.642494	3.0642	-1.1367	-0.668723	-0.57794	637600	0.634744	2.22294	0	0.59264
22668221	8.69837	-1.33441	3.2866	-1.3221	0.12147	-0.39126	637800	0.634744	2.22294	0	2.20388
22668430	8.84664	-0.271824	1.65566	-1.21853	0.0089504	-0.306871	638000	0.634744	2.22294	0	3.27804
22668626	11.5649	-0.0988452	3.26189	-0.272348	-0.718589	-0.157271	638200	0.634744	2.22294	0	1.53716
22668827	7.75934	-0.0988452	1.72979	-0.731375	0.446241	0.10229	638400	0.634744	2.22294	0	1.4816
22669032	10.0822	0.716627	1.50739	-0.602234	0.0166222	-0.0907826	638600	0.634744	2.22294	0	1.40752
22669227	10.7494	-1.13672	4.42332	-0.115077	-0.429619	0.138092	638800	0.634744	2.22294	0	1.44456
22669435	7.95703	-0.345958	1.43325	-0.281298	-0.111241	-0.184122	639000	0.634744	2.22294	0	1.40752
22669637	9.81038	-0.321247	1.63095	-0.0716032	0.0831108	0.0511451	639200	0.634744	2.22294	0	1.33344
22669828	9.56327	2.79238	1.40854	0.010229	0.117634	0.199466	639400	0.634744	2.22294	0	1.33344
22670027	7.28983	0.0741339	1.48268	-0.175172	0.22376	0.180287	639600	0.634744	2.22294	0	1.33344
22670237	10.7741	0.395381	0.444803	-0.336279	-0.384867	-0.351623	639800	0.634744	2.22294	0	0.8334
22670429	8.03117	-0.543648	2.397	-0.0933399	0.141928	0.0358016	640000	0.634744	2.22294	0	1.22232
22670626	7.19099	0.345958	2.14988	0.0690459	-0.0882253	-0.148321	640200	0.634744	2.22294	0	1.14824
22670826	11.6637	0.0741339	1.48268	0.425783	-0.187958	0.246775	640400	0.634744	2.22294	0	3.27804
22671023	9.14318	0.19769	3.97852	0.239103	0.432176	-0.0294084	640600	0.634744	2.22294	0	4.40776
22671224	7.61108	-0.123556	1.68037	-0.0115077	-0.141928	0.0383588	640800	0.634744	2.22294	0	3.62992
22671429	12.1827	-0.716627	1.5321	-0.150878	-0.791471	0.122748	641000	0.634744	2.22294	0	3.66696
22671627	8.87135	-0.593071	3.43487	-0.365688	0.177729	-0.246775	641200	0.634744	2.22294	0	4.09292
22671835	8.08059	0.321247	1.0873	-0.0421947	0.294084	-0.274905	641400	0.634744	2.22294	0	3.00024
22672023	12.5533	0.469514	3.509	0.529352	-0.136813	0.141928	641600	0.634744	2.22294	0	3.59288
22672223	7.11685	-0.271824	2.49584	0.0396375	0.41939	-0.140649	641800	0.634744	2.22294	0	3.57436
22672429	9.24202	0.395381	1.23556	-0.0319657	-0.0524238	-0.0370802	642000	0.634744	2.22294	0	2.75948
22672626	10.8483	-0.370669	4.39861	0.116355	-0.239103	0.138092	642200	0.634744	2.22294	0	3.72252
22672826	7.33925	-0.0247113	1.45797	-0.0856681	-0.217367	-0.388703	642400	0.634744	2.22294	0	3.25952
22673024	10.9965	0.0988452	1.26028	0.0664887	0.356737	0.414276	642600	0.634744	2.22294	0	3.12988
22673224	7.14156	0.914318	2.1993	-0.0613742	0.490993	0.258283	642800	0.634744	2.22294	0	4.31516
22673428	6.84503	-0.815473	1.95219	0.0217367	0.227596	0.0204581	643000	0.634744	2.22294	0	2.74096
22673625	10.2552	0.172979	1.48268	-0.216088	-0.0166222	-0.124027	643200	0.634744	2.22294	0	2.6854
22673837	9.06904	-0.0247113	3.87967	-0.108683	0.0920612	-0.510173	643400	0.634744	2.22294	0	3.0558
22674025	7.06743	0.543648	1.38383	-0.0217367	-0.0358016	-0.0831108	643600	0.634744	2.22294	0	3.07432
22674233	11.7626	1.43325	2.05104	0.430898	-0.510173	0.152157	643800	0.634744	2.22294	0	3.1484
22674437	7.61108	0.593071	2.91593	0.144485	0.305592	0.0818322	644000	0.634744	2.22294	0	3.18544
22674622	8.72308	0.667205	1.90277	-0.329886	-0.19563	0.0971757	644200	0.634744	2.22294	0	3.18544
22674823	14.2584	0.96374	6.00484	0.180287	-1.1904	-0.207138	644400	0.634744	2.22294	0	3.68548
22675022	8.72308	0.593071	1.65566	-0.276184	0.0831108	0.0332443	644600	0.634744	2.22294	0	3.55584
22675223	9.8598	0.148268	1.70508	0.143206	0.600955	-0.0242939	644800	0.634744	2.22294	0	3.09284
22675426	9.34087	1.0873	3.7314	-0.459028	0.193073	0.333722	645000	0.634744	2.22294	0	4.14848
22675626	7.19099	0.0494226	1.85335	0.0281298	0.375917	0.124027	645200	0.634744	2.22294	0	3.37064
22675824	10.0328	0.296535	2.27344	-0.109962	-0.0690459	0.134256	645400	0.634744	2.22294	0	2.72244
22676023	8.47597	-0.864895	3.509	-0.412997	0.0396375	-0.0703246	645600	0.634744	2.22294	0	3.20396
22676224	7.46281	0.0741339	1.21085	-0.267233	-0.337558	-0.457749	645800	0.634744	2.22294	0	3.07432
22676429	11.1201	-0.0494226	1.43325	0.0588169	0.237825	0.218645	646000	0.634744	2.22294	0	3.03728
22676626	8.13001	0.172979	4.10207	0.616299	0.0268512	0.0537024	646200	0.634744	2.22294	0	3.94476
22676824	7.4381	-0.96374	2.397	-0.274905	0.147042	0.0831108	646400	0.634744	2.22294	0	3.22248
22677024	10.7988	-0.76605	2.69353	-0.131699	-0.287691	0.0511451	646600	0.634744	2.22294	0	3.27804
22677224	9.24202	-0.939029	4.79399	-0.0204581	0.487157	-0.21481	646800	0.634744	2.22294	0	3.68548
22677428	7.90761	-1.28499	2.94064	0.144485	0.138092	0.0613742	647000	0.634744	2.22294	0	2.66688
22677625	12.158	-0.321247	4.79399	0.347787	-0.191794	0.00127863	647200	0.634744	2.22294	0	3.18544
22677824	7.38868	-0.370669	3.38545	0.226317	-0.0716032	0.127863	647400	0.634744	2.22294	0	3.27804
22678025	8.94549	0.0494226	1.80392	-0.327329	-0.101012	0.0332443	647600	0.634744	2.22294	0	3.20396
22678235	9.53856	-0.96374	4.02794	-0.585612	0.0805536	-0.0524238	647800	0.634744	2.22294	0	3.3336
22678428	7.01801	-0.19769	1.0873	0.0166222	0.089504	-0.366966	648000	0.634744	2.22294	0	3.29656
22678626	10.4776	-0.321247	2.00161	0.132977	0.249333	0.134256	648200	0.634744	2.22294	0	2.9632
22678827	7.51223	0.815473	2.44642	-0.478207	0.436012	0.430898	648400	0.634744	2.22294	0	4.01884
22679031	7.06743	-1.03787	1.80392	-0.099733	0.277462	0.163664	648600	0.634744	2.22294	0	2.9632
22679224	11.0954	-1.45797	1.50739	-0.0434734	-0.575383	-0.210974	648800	0.634744	2.22294	0	3.29656
22679428	8.9702	-1.7545	4.20092	-0.253168	0.516566	-0.346508	649000	0.634744	2.22294	0	4.66704
22679624	6.99329	-1.11201	2.22402	-0.120191	0.187958	-0.222481	649200	0.634744	2.22294	0	3.22248
22679823	12.8252	-0.96374	4.05265	0.342672	-0.700688	0.104848	649400	0.634744	2.22294	0	4.20404
22680022	7.98175	-0.420092	2.397	-0.00255726	0.375917	-0.0843895	649600	0.634744	2.22294	0	4.18552
22680223	8.89606	-0.19769	1.82864	-0.347787	0.147042	0.144485	649800	0.634744	2.22294	0	2.92616
22680427	11.7626	-0.96374	4.91755	0.179008	-0.135535	0.480764	650000	0.634745	2.22294	0	3.6114
22680624	8.57482	-1.28499	2.397	-0.235268	0.0575383	-0.398932	650200	0.634745	2.22294	0	4.03736
22680825	9.11847	-0.96374	0.988452	-0.120191	0.187958	-0.0281298	650400	0.634745	2.22294	0	2.75948
22681024	10.4282	-0.56836	4.67043	-0.0268512	-0.465421	0.109962	650600	0.634745	2.22294	0	4.7226
22681225	7.19099	-1.38383	2.24873	-0.0332443	0.0831108	0.0575383	650800	0.634745	2.22294	0	3.85216
22681431	9.73625	-0.543648	0.864895	-0.331165	-0.0460306	-0.034523	651000	0.634745	2.22294	0	3.81512
22681630	11.7873	1.50739	5.18937	0.117634	-0.792749	0.0703246	651200	0.634745	2.22294	0	5.22264
22681827	7.11685	-1.11201	2.32286	0.265955	0.0537024	-0.210974	651400	0.634745	2.22294	0	5.14856
22682025	9.31616	-1.55681	1.23556	0.1675	0.249333	0.0473092	651600	0.634745	2.22294	0	4.03736
22682225	8.92078	0.469514	2.81709	-0.242939	0.010229	-0.0831108	651800	0.634745	2.22294	0	5.29672
22682429	6.67205	-1.06259	1.58152	-0.0191794	0.265955	0.117634	652000	0.634745	2.22294	0	3.8892
22682626	10.6259	-0.988452	1.80392	-0.0409161	-0.00639314	-0.00639314	652200	0.634745	2.22294	0	3.87068
22682825	8.50068	-2.44642	4.3739	-0.294084	0.264676	-0.254447	652400	0.634745	2.22294	0	5.16708
22683023	6.37551	-0.988452	2.56997	-0.25189	-0.13042	-0.372081	652600	0.634745	2.22294	0	3.83364
22683225	11.985	-0.741339	1.5321	0.309428	-0.608627	0.0703246	652800	0.634745	2.22294	0	4.57444
22683427	9.26673	-0.617782	3.41016	-0.176451	0.54981	0	653000	0.634745	2.22294	0	5.44488
22683626	7.06743	-0.617782	2.27344	-0.42834	0.132977	0.231432	653200	0.634745	2.22294	0	3.48176
22683825	11.812	-1.72979	1.58152	-0.308149	-0.741604	-0.0626528	653400	0.634745	2.22294	0	4.00032
22684024	8.84664	-1.90277	3.75612	-0.460306	0.368245	-0.189237	653600	0.634745	2.22294	0	4.11144
22684225	7.73463	-0.76605	1.87806	-0.210974	0.15855	-0.274905	653800	0.634745	2.22294	0	3.11136
22684428	12.0591	-1.21085	3.01478	0.187958	-0.471814	-0.140649	654000	0.634745	2.22294	0	3.241
22684627	7.28983	-0.642494	3.2866	-0.336279	0.388703	-0.034523	654200	0.634745	2.22294	0	2.94468
22684824	8.55011	-0.790761	2.66882	-0.82983	0.0153435	-0.25189	654400	0.634745	2.22294	0	2.20388
22685024	9.93394	-1.26028	2.86651	-1.3464	-0.356737	-0.38231	654600	0.634745	2.22294	0	2.2224
22685228	8.30299	-1.16143	3.65727	-1.71464	0.352901	-0.574104	654800	0.634745	2.22294	0	1.07416
22685427	8.64895	-1.11201	2.6194	-1.05998	-0.0204581	-0.233989	655000	0.634745	2.22294	0	0.62968
22685623	10.3046	0.0741339	2.1993	-0.58689	-0.225039	-0.0792749	655200	0.634745	2.22294	0	0.12964
22685826	7.75934	0.148268	3.53371	-0.375917	-0.00255726	-0.0626528	655400	0.634745	2.22294	0	0.14816
22686027	8.17944	0.0494226	2.14988	-0.36313	-0.0524238	-0.0421947	655600	0.634745	2.22294	0	1.59272
22686227	11.2189	-0.790761	2.07575	-0.271069	-0.860517	-0.218645	655800	0.634745	2.22294	0	1.64828
22686431	8.22886	-0.914318	2.79238	-0.538302	0.664887	-0.196909	656000	0.634745	2.22294	0	2.20388
22686626	8.25357	-0.296535	2.10046	-0.180287	0.0204581	-0.0856681	656200	0.634745	2.22294	0	2.1298
22686826	12.2321	0.148268	2.96535	0.163664	-0.473092	0.184122	656400	0.634745	2.22294	0	2.48168
22687036	7.33925	0.345958	2.69353	-0.106126	0.207138	-0.338836	656600	0.634745	2.22294	0	3.18544
22687236	9.04433	0.790761	2.14988	-0.010229	-0.244218	0.175172	656800	0.634745	2.22294	0	2.07424
22687434	11.0459	-0.642494	5.13995	0.141928	-0.129141	0.227596	657000	0.634745	2.22294	0	3.11136
22687629	7.61108	-0.395381	1.72979	-0.0728818	-0.212252	-0.277462	657200	0.634745	2.22294	0	3.66696
22687827	9.95865	-0.593071	1.35912	0.181565	0.0332443	0.236546	657400	0.634745	2.22294	0	3.704
22688026	7.80877	0.370669	3.7314	-0.332443	0.228874	0.0332443	657600	0.634745	2.22294	0	4.55592
22688225	6.25196	-0.296535	1.85335	0.299199	0.332443	0.32605	657800	0.634745	2.22294	0	3.83364
22688431	10.6011	-0.889606	2.47113	-0.103569	-0.129141	-0.0498665	658000	0.634745	2.22294	0	4.50036
22688626	7.63579	-0.864895	4.05265	-0.365688	0.411718	-0.337558	658200	0.634745	2.22294	0	4.46332
22688826	7.31454	-0.321247	2.00161	-0.0332443	-0.191794	-0.271069	658400	0.634745	2.22294	0	3.57436
22689026	11.3672	0.0494226	1.92748	0.255726	-0.296642	0.00383588	658600	0.634745	2.22294	0	4.38924
22689226	8.84664	-0.271824	3.95381	0.0907826	0.1496	-0.0281298	0	0	0	0	0
22689287	6.96858	-0.543648	2.07575	0.0127863	0.366966	0.0792749	658800	0.634745	2.22294	0	4.33368
22689430	8.9702	-0.0247113	1.95219	-0.0664887	-0.122748	-0.0805536	659000	0.634745	2.22294	0	3.96328
22689626	11.3672	-1.13672	3.38545	-0.054981	-0.519123	0.138092	659200	0.634745	2.22294	0	4.7226
22689826	8.17944	-0.988452	1.72979	-0.41939	0.157271	-0.366966	659400	0.634746	2.22294	0	3.8892
22690027	9.39029	-0.815473	1.5321	-0.0677673	0.0971757	0.231432	659600	0.634746	2.22294	0	3.8892
22690226	8.50068	0.667205	2.71824	0.202023	-0.112519	0.412997	659800	0.634746	2.22294	0	4.55592
22690431	6.84503	-0.76605	2.12517	-0.127863	0.487157	-0.0562596	660000	0.634746	2.22294	0	3.74104
22690629	10.1069	-0.617782	2.29815	-0.15855	-0.00255726	-0.0613742	660200	0.634746	2.22294	0	4.0744
22690828	8.72308	-1.16143	4.07736	-0.0255726	-0.0511451	-0.41939	660400	0.634746	2.22294	0	4.05588
22691036	6.77089	-0.543648	1.95219	0.0626528	-0.153435	-0.359295	660600	0.634746	2.22294	0	3.55584
22691226	11.3425	-0.395381	1.72979	0.381031	-0.36313	0.157271	660800	0.634746	2.22294	0	3.9818
22691428	8.84664	0.395381	3.90438	-0.0805536	0.425783	0.0818322	661000	0.634746	2.22294	0	4.09292
22691626	7.4381	-0.271824	1.90277	0.00639314	0.13042	0.205859	661200	0.634746	2.22294	0	3.5188
22691837	11.5896	-0.593071	2.29815	-0.171336	-0.557482	-0.170058	661400	0.634746	2.22294	0	4.0744
22692020	8.72308	-0.914318	4.22563	-0.520402	0.406604	-0.282577	661600	0.634746	2.22294	0	4.20404
22692220	7.2157	-0.345958	1.77921	-0.044752	0.0767177	-0.0882253	661800	0.634746	2.22294	0	3.241
22692423	11.5649	-0.543648	1.55681	0.104848	-0.425783	0.0767177	662000	0.634746	2.22294	0	3.83364
22692620	8.9702	-0.19769	3.60785	0.00255726	0.425783	-0.228874	662200	0.634746	2.22294	0	4.37072
22692820	7.83348	-0.321247	1.85335	-0.198187	0.0818322	0.127863	662400	0.634746	2.22294	0	3.40768
22693022	11.985	-0.790761	2.94064	0.06521	-0.402768	0.00255726	662600	0.634746	2.22294	0	4.7226
22693222	8.3277	-1.40854	3.65727	-0.461585	0.320936	-0.245497	662800	0.634746	2.22294	0	4.11144
22693425	8.27828	-0.444803	1.68037	0.0268512	-0.0498665	-0.101012	663000	0.634746	2.22294	0	4.14848
22693625	10.5023	-0.0494226	4.8187	-0.0639314	-0.010229	0.218645	663200	0.634746	2.22294	0	4.59296
22693823	6.74618	-0.840184	2.17459	0.147042	0.547253	0.136813	663400	0.634746	2.22294	0	4.14848
22694033	9.93394	-0.518937	2.8418	-0.163664	-0.331165	0.0166222	663600	0.634746	2.22294	0	4.24108
22694223	8.3277	-2.29815	4.5963	-0.263397	0.283855	-0.250611	663800	0.634746	2.22294	0	4.27812
22694427	7.16627	-0.345958	2.05104	-0.0383588	0.0511451	-0.343951	664000	0.634746	2.22294	0	4.167
22694625	11.7379	0.19769	2.00161	0.341394	-0.547253	0.06521	664200	0.634746	2.22294	0	4.11144
22694833	8.00646	0.345958	2.66882	0.351623	-0.0089504	0.0409161	664400	0.634746	2.22294	0	4.14848
22695022	8.67366	-0.0247113	1.87806	-0.129141	-0.0179008	0.134256	664600	0.634746	2.22294	0	4.05588
22695222	11.5155	-0.345958	5.31293	-0.0958971	-0.0792749	0.0242939	664800	0.634746	2.22294	0	4.51888
22695425	8.03117	-0.469514	1.90277	-0.145764	-0.366966	-0.34523	665000	0.634746	2.22294	0	3.64844
22695622	9.09375	-0.864895	2.02633	-0.349066	0.471814	-0.107405	665200	0.634746	2.22294	0	4.05588
22695832	8.45126	1.45797	2.14988	-0.115077	-0.0396375	0.0664887	665400	0.634746	2.22294	0	3.01876
22696026	7.26512	-0.0741339	1.5321	-0.258283	0.0690459	-0.113798	665600	0.634746	2.22294	0	4.20404
22696220	9.88452	0.247113	1.9769	-0.283855	-0.0383588	0.0562596	665800	0.634746	2.22294	0	4.167
22696423	7.80877	-0.617782	2.91593	-0.296642	0.144485	-0.333722	666000	0.634746	2.22294	0	4.29664
22696620	7.19099	0.0247113	1.63095	-0.0741604	0.117634	-0.396375	666200	0.634747	2.22294	0	3.7966
22696819	11.6143	-0.543648	1.65566	0.437291	-0.35418	0.320936	666400	0.634747	2.22294	0	4.31516
22697020	8.67366	-0.914318	3.509	0.189237	-0.163664	-0.0217367	666600	0.634747	2.22294	0	4.24108
22697222	7.70992	-0.172979	1.68037	-0.0613742	0.0127863	0.12147	666800	0.634747	2.22294	0	4.24108
22697425	11.8614	-0.172979	3.509	-0.099733	-0.434734	-0.108683	667000	0.634747	2.22294	0	4.18552
22697622	7.8829	-0.642494	2.86651	-0.0268512	0.358016	-0.210974	667200	0.634747	2.22294	0	3.75956
22697822	9.11847	0.247113	1.45797	0.0268512	0.240382	-0.207138	667400	0.634747	2.22294	0	3.704
22698022	10.3293	0.543648	3.92909	0.0319657	-0.424505	0.439848	667600	0.634747	2.22294	0	4.29664
22698221	7.01801	-0.247113	2.37228	0.0127863	0.673837	-0.0805536	667800	0.634747	2.22294	0	3.90772
22698423	9.98336	-0.840184	2.02633	-0.494829	-0.0575383	0.00255726	668000	0.634747	2.22294	0	3.85216
22698620	9.24202	-0.56836	4.29976	-0.179008	0.00639314	0.112519	668200	0.634747	2.22294	0	3.94476
22698819	6.96858	-0.0741339	1.68037	-0.124027	-0.0268512	-0.442405	668400	0.634747	2.22294	0	3.81512
22699020	10.6011	-0.148268	2.12517	0.144485	-0.104848	0.347787	668600	0.634747	2.22294	0	3.8892
22699231	8.72308	-0.271824	4.5963	0.125306	0.0358016	-0.0089504	668800	0.634747	2.22294	0	4.29664
22699423	6.86974	-0.19769	2.14988	-0.124027	0.00639314	0.244218	669000	0.634747	2.22294	0	3.62992
22699622	10.7741	0.0988452	1.90277	-0.0805536	-0.235268	0.0485879	669200	0.634747	2.22294	0	4.27812
22699826	8.87135	-1.50739	4.99168	-0.364409	0.684066	-0.29792	669400	0.634747	2.22294	0	4.167
22700021	6.91916	-0.444803	2.07575	-0.143206	0.0089504	-0.327329	669600	0.634747	2.22294	0	4.14848
22700222	12.4051	0.790761	3.11362	0.258283	-0.355459	0.268512	669800	0.634747	2.22294	0	4.48184
22700425	6.94387	0.395381	3.18776	0.0869467	0.00767177	0.258283	670000	0.634747	2.22294	0	3.68548
22700620	8.35242	0.0247113	2.00161	-0.258283	-0.306871	-0.00639314	670200	0.634747	2.22294	0	3.59288
22700822	11.812	-0.123556	5.43648	-0.511451	-0.374638	-0.10229	670400	0.634747	2.22294	0	4.01884
22701021	7.06743	-0.617782	2.00161	-0.273626	0.0639314	-0.273626	670600	0.634747	2.22294	0	3.29656
22701220	9.24202	-0.617782	1.70508	-0.164943	0.242939	0.0460306	670800	0.634747	2.22294	0	3.40768
22701432	9.39029	-0.0741339	3.26189	-0.404047	-0.0179008	-0.0779963	671000	0.634747	2.22294	0	3.9818
22701619	7.58637	-1.26028	2.69353	-0.519123	0.342672	-0.0153435	671200	0.634747	2.22294	0	3.4262
22701819	9.06904	-0.469514	1.70508	-1.04848	0.386146	-0.233989	671400	0.634747	2.22294	0	4.4448
22702019	10.2552	-2.07575	4.00323	-1.11113	-0.15855	0.104848	671600	0.634747	2.22294	0	3.59288
22702226	7.83348	-0.494226	2.54526	-1.2684	-0.0626528	-0.469257	671800	0.634747	2.22294	0	2.66688
22702424	9.68683	-0.123556	2.12517	-0.887368	0.329886	0.0370802	672000	0.634747	2.22294	0	3.27804
22702622	8.77251	-0.172979	3.38545	-0.315821	-0.0754391	0.242939	672200	0.634747	2.22294	0	1.9446
22702821	6.82032	-0.840184	1.68037	-0.473092	0.429619	-0.0166222	672400	0.634747	2.22294	0	2.29648
22703021	10.873	-0.518937	2.49584	-0.590726	-0.0600955	-0.194351	672600	0.634747	2.22294	0	2.61132
22703222	7.28983	-1.72979	5.0411	-0.705803	0.880975	-0.054981	672800	0.634747	2.22294	0	2.29648
22703425	7.75934	-0.469514	2.49584	-0.265955	0.265955	-0.322214	673000	0.634747	2.22294	0	2.62984
22703623	12.0838	1.92748	2.86651	0.171336	-1.11496	-0.278741	673200	0.634747	2.22294	0	2.72244
22703822	7.48752	0.741339	2.74295	0.227596	-0.0179008	-0.0396375	673400	0.634747	2.22294	0	1.98164
22704022	8.59953	0.543648	1.65566	-0.193073	-0.0882253	0.0409161	673600	0.634747	2.22294	0	2.90764
22704223	11.1448	-0.0494226	4.12679	0.25189	-0.522959	0.06521	673800	0.634747	2.22294	0	2.29648
22704426	8.17944	0.518937	1.06259	-0.342672	-0.107405	-0.248054	674000	0.634747	2.22294	0	2.61132
22704623	11.5402	1.13672	0.222402	-0.0473092	0.622692	0.0562596	674200	0.634747	2.22294	0	4.27812
22704833	8.15473	0.543648	2.71824	0.287691	0.19563	0.340115	674400	0.634747	2.22294	0	2.44464
22705022	6.77089	-0.889606	1.90277	-0.179008	0.420669	0.0984544	674600	0.634747	2.22294	0	2.85208
22705221	9.78567	0.172979	1.33441	-0.352901	0.0242939	0.0856681	674800	0.634747	2.22294	0	3.87068
22705426	8.15473	0.0247113	2.71824	-0.209695	0.528073	-0.0767177	675000	0.634747	2.22294	0	2.0372
22705626	6.54849	0.0988452	1.35912	0.143206	0.171336	-0.276184	675200	0.634747	2.22294	0	2.5928
22705822	11.1695	0.0741339	1.60623	0.466699	-0.0856681	0.257004	675400	0.634747	2.22294	0	2.9632
22706020	8.67366	0.469514	4.8187	0.147042	0.374638	-0.0179008	675600	0.634747	2.22294	0	1.92608
22706217	6.44965	-0.247113	2.05104	-0.120191	0.0281298	0.0677673	675800	0.634747	2.22294	0	2.42612
22706422	11.2189	-0.642494	2.76766	0.103569	-0.630364	0.175172	676000	0.634747	2.22294	0	2.94468
22706630	8.72308	-1.68037	3.26189	-0.23271	0.0818322	-0.343951	676200	0.634747	2.22294	0	2.57428
22706821	7.95703	-0.222402	1.72979	-0.213531	0.41939	-0.150878	676400	0.634747	2.22294	0	3.3336
22707020	11.7626	0.222402	5.06581	0.0089504	-0.239103	0.118912	676600	0.634747	2.22294	0	2.20388
22707221	6.74618	-0.0247113	1.80392	0.144485	0.423226	0.286413	676800	0.634747	2.22294	0	2.5002
22707424	9.71154	-0.0247113	1.92748	-0.226317	-0.173893	0.0946185	677000	0.634747	2.22294	0	3.0558
22707621	9.36558	-0.864895	2.81709	-0.395096	-0.346508	-0.106126	677200	0.634747	2.22294	0	2.24092
22707819	6.96858	-0.0247113	0.988452	-0.217367	-0.0933399	-0.340115	677400	0.634747	2.22294	0	2.37056
22708018	10.1811	-0.56836	0.988452	0.226317	0.129141	0.304314	677600	0.634747	2.22294	0	3.85216
22708219	9.48913	-1.03787	4.62101	0.0664887	0.346508	-0.190516	677800	0.634747	2.22294	0	0.81488
22708422	6.99329	-0.444803	1.26028	-0.296642	0.236546	0.0869467	678000	0.634747	2.22294	0	1.88904
22708620	10.8483	-0.123556	1.55681	-0.0600955	-0.0255726	0.0332443	678200	0.634747	2.22294	0	2.20388
22708819	8.84664	-2.34757	4.02794	-0.263397	0.366966	-0.273626	678400	0.634747	2.22294	0	1.88904
22709018	7.24041	-0.667205	1.60623	0.0383588	0.034523	-0.277462	678600	0.634747	2.22294	0	1.96312
22709218	11.9603	-0.0494226	1.45797	0.488436	-0.36313	0.171336	678800	0.634747	2.22294	0	2.33352
22709420	7.85819	0.370669	1.87806	0.359295	0.0166222	-0.00511451	679000	0.634747	2.22294	0	2.29648
22709620	8.64895	-0.148268	1.33441	0.0473092	-0.0409161	0.10229	679200	0.634747	2.22294	0	2.79652
22709830	11.9603	-0.790761	4.71986	0.199466	0.180287	0.320936	679400	0.634747	2.22294	0	3.11136
22710022	8.27828	-0.494226	1.68037	-0.227596	-0.184122	-0.38231	679600	0.634747	2.22294	0	2.9632
22710221	9.98336	-0.0741339	0.642494	0.159829	0.0396375	0.0460306	679800	0.634747	2.22294	0	4.64852
22710422	9.14318	2.32286	2.397	0.0754391	0.210974	0.473092	680000	0.634747	2.22294	0	2.64836
22710620	6.27667	-0.716627	3.21247	-0.273626	0.519123	0.1496	680200	0.634747	2.22294	0	3.68548
22710823	10.1563	0.370669	1.58152	-0.218645	-0.099733	0.0294084	680400	0.634747	2.22294	0	4.96336
22711023	7.73463	0.19769	2.79238	-0.259562	0.159829	-0.0434734	680600	0.634747	2.22294	0	4.03736
22711223	6.82032	-0.0741339	1.3097	0.182844	0.104848	-0.265955	680800	0.634747	2.22294	0	4.51888
22711424	11.812	-0.123556	1.55681	0.28002	-0.044752	0.112519	681000	0.634747	2.22294	0	4.55592
22711624	8.42655	-0.321247	3.55843	0.443684	0.0562596	-0.131699	681200	0.634747	2.22294	0	3.96328
22711822	7.58637	-0.420092	1.70508	-0.0600955	-0.0370802	0.0805536	681400	0.634747	2.22294	0	4.75964
22712021	11.4907	-1.18614	2.99007	-0.342672	-0.950021	0.0268512	681600	0.634747	2.22294	0	4.66704
22712221	8.35242	-0.840184	1.85335	-0.213531	0.108683	-0.314543	681800	0.634747	2.22294	0	3.704
22712423	9.04433	-0.518937	1.28499	-0.0856681	0.273626	-0.0434734	682000	0.634747	2.22294	0	7.01908
22712620	9.83509	0.370669	3.90438	-0.451356	0.295363	0.54086	682200	0.634747	2.22294	0	3.87068
22712821	6.59791	-1.0873	2.44642	-0.0792749	0.636757	0.044752	682400	0.634747	2.22294	0	4.79668
22713031	10.0328	0.469514	2.1993	-0.255726	-0.107405	-0.0460306	682600	0.634747	2.22294	0	6.24124
22713222	7.8829	-0.19769	3.33602	-0.276184	0.0281298	-0.0524238	682800	0.634747	2.22294	0	3.90772
22713433	7.11685	-0.148268	1.48268	-0.117634	-0.286413	-0.281298	683000	0.634747	2.22294	0	4.59296
22713622	11.3178	-0.345958	1.3097	0.112519	-0.208416	0.152157	683200	0.634747	2.22294	0	5.8338
22713822	9.14318	0.716627	3.65727	0.163664	0.21481	0.0396375	683400	0.634747	2.22294	0	3.40768
22714021	7.51223	-0.148268	1.48268	-0.265955	0.45647	0.185401	683600	0.634747	2.22294	0	5.59304
22714220	11.4907	-0.642494	0.76605	-0.0767177	-0.603513	0.0115077	683800	0.634746	2.22294	0	4.77816
22714425	9.24202	-0.864895	2.79238	-0.258283	0.242939	-0.262119	684000	0.634746	2.22294	0	3.81512
22714623	8.17944	-0.148268	1.03787	0.00127863	0.0626528	-0.153435	684200	0.634746	2.22294	0	4.59296
22714831	11.8367	0.148268	4.05265	0.360573	-0.34523	0.378474	684400	0.634746	2.22294	0	4.51888
22715032	7.58637	-0.642494	1.68037	-0.143206	0.455192	0.06521	684600	0.634746	2.22294	0	4.18552
22715222	9.43971	0.716627	1.72979	-0.239103	-0.118912	-0.0575383	684800	0.634746	2.22294	0	4.94484
22715425	9.39029	-0.988452	3.26189	-0.305592	-0.132977	-0.0473092	685000	0.634746	2.22294	0	3.6114
22715624	6.89445	0.296535	1.13672	-0.294084	-0.132977	-0.311985	685200	0.634746	2.22294	0	3.92624
22715822	10.4776	-0.0247113	1.48268	0.379753	0.054981	0.12147	685400	0.634746	2.22294	0	5.07448
22716022	9.58798	-0.444803	4.71986	0.203302	0.176451	0.108683	685600	0.634746	2.22294	0	3.20396
22716223	6.94387	-0.0741339	2.22402	-0.134256	0.0600955	0.162386	685800	0.634746	2.22294	0	4.68556
22716426	12.0344	-0.123556	1.65566	-0.235268	-0.678952	-0.125306	686000	0.634746	2.22294	0	4.68556
22716622	8.89606	-1.03787	3.7314	-0.434734	0.508894	-0.134256	686200	0.634746	2.22294	0	3.12988
22716822	7.63579	-0.0988452	1.45797	0.0383588	0.212252	-0.235268	686400	0.634746	2.22294	0	4.24108
22717022	11.6884	0.370669	1.28499	0.365688	-0.400211	0.0115077	686600	0.634746	2.22294	0	3.68548
22717223	8.72308	0.840184	3.41016	0.335001	-0.0255726	0.157271	686800	0.634746	2.22294	0	2.61132
22717426	8.15473	0.0494226	1.92748	-0.134256	-0.0268512	0.190516	687000	0.634746	2.22294	0	3.22248
22717631	10.7741	-0.395381	1.58152	-0.208416	-0.327329	-0.131699	687200	0.634746	2.22294	0	3.16692
22717821	8.50068	-1.06259	4.27505	-0.314543	0.259562	-0.283855	687400	0.634746	2.22293	0	2.14832
22718021	7.51223	-0.345958	1.77921	-0.164943	0.127863	-0.267233	687600	0.634746	2.22293	0	2.53724
22718223	10.6259	-0.543648	2.29815	0.168779	-0.0191794	0.0524238	687800	0.634746	2.22293	0	2.66688
22718425	4.42332	-9.1926	29.9748	0.631642	-0.383588	-0.140649	688000	0.634746	2.22293	0	1.42604
22718622	7.58637	-0.321247	2.86651	0.054981	0.556203	0.106126	688200	0.634746	2.22293	0	1.92608
22718821	9.31616	0.469514	3.26189	-0.141928	0.287691	-0.0383588	688400	0.634746	2.22293	0	1.98164
22719021	10.1069	-0.370669	4.27505	-0.464142	-0.544696	-0.0511451	688600	0.634746	2.22293	0	1.98164
22719224	7.78406	-0.0741339	3.63256	0.0242939	0.00639314	-0.0754391	688800	0.634746	2.22293	0	1.9446
22719428	9.06904	-0.148268	3.53371	0.0179008	-0.00639314	-0.0703246	689000	0.634746	2.22293	0	1.88904
22719622	8.57482	-0.271824	3.87967	-0.277462	-0.125306	-0.010229	689200	0.634746	2.22293	0	1.81496
22719831	8.22886	0.914318	3.97852	0.120191	0.0792749	0.0575383	689400	0.634746	2.22293	0	1.7594
22720019	8.64895	0.939029	3.92909	-0.0281298	-0.00767177	0.0485879	689600	0.634746	2.22293	0	1.6668
22720230	8.89606	0.840184	3.53371	-0.00383588	-0.0153435	0.0524238	689800	0.634746	2.22293	0	1.2964
22720423	8.40184	0.469514	3.60785	-0.010229	0.0396375	0.0677673	690000	0.634746	2.22293	0	1.22232
22720622	8.7478	0.543648	3.87967	-0.112519	0.141928	0.0166222	690200	0.634746	2.22293	0	1.14824
22720821	8.55011	0.247113	3.53371	0.0485879	-0.108683	-0.00511451	690400	0.634746	2.22293	0	0.77784
22721019	8.94549	0.420092	3.45958	-0.0421947	0.00383588	0.0140649	690600	0.634746	2.22293	0	0.77784
22721220	8.59953	0.345958	3.75612	0.0460306	0.0191794	-0.0166222	690800	0.634746	2.22293	0	0.75932
22721423	8.99491	0.296535	3.45958	-0.166222	-0.118912	-0.00767177	691000	0.634746	2.22293	0	0.70376
