22399292	8.3277	0.889606	3.80554	-0.171336	0.0281298	0.0434734	368800	0.634745	2.22293	0	0.01852
22399434	8.55011	0.840184	4.02794	-0.113798	0.0153435	-0.111241	369000	0.634745	2.22293	0	0.01852
22399629	8.50068	1.11201	3.85496	-0.147042	0.138092	-0.144485	0	0	0	0	0
22399667	8.3277	0.939029	4.07736	-0.175172	0.0268512	-0.135535	369200	0.634745	2.22293	0	0.01852
22399823	8.79722	1.21085	3.87967	-0.0728818	0.0639314	-0.0818322	369400	0.634745	2.22293	0	0.01852
22400022	8.45126	0.840184	4.07736	-0.120191	0.0805536	-0.111241	369600	0.634745	2.22293	0	0.01852
22400226	8.57482	0.617782	3.68198	-0.219924	0.06521	-0.0562596	369800	0.634745	2.22293	0	0.03704
22400428	8.7478	0.716627	3.75612	-0.0728818	0.0370802	-0.0319657	370000	0.634745	2.22293	0	0.07408
22400625	9.09375	0.172979	3.509	-0.106126	-0.0716032	-0.0524238	370200	0.634745	2.22293	0	0.14816
22400833	8.89606	1.06259	4.00323	0.271069	-0.147042	0.210974	370400	0.634745	2.22293	0	0.87044
22401020	8.1053	1.77921	4.12679	0.00511451	0.304314	0.106126	370600	0.634745	2.22293	0	0.66672
22401222	8.42655	1.13672	3.23718	0.301756	0.0511451	0.0460306	370800	0.634745	2.22293	0	0.81488
22401425	9.81038	1.11201	3.78083	-0.506337	-0.240382	-0.0831108	371000	0.634745	2.22293	0	0.3704
22401622	8.35242	0.148268	4.91755	-0.378474	-0.227596	-0.134256	371200	0.634745	2.22293	0	0.29632
22401820	7.09214	0.370669	3.18776	0.196909	0.0460306	-0.143206	371400	0.634745	2.22293	0	0.1852
22402024	10.5023	0.864895	2.69353	0.366966	-0.253168	0.191794	371600	0.634745	2.22293	0	0.11112
22402231	7.38868	1.82864	4.20092	-0.19563	0.311985	0.216088	371800	0.634745	2.22293	0	0.05556
22402426	7.6605	0.617782	3.26189	0.0511451	0.0690459	0.0933399	372000	0.634745	2.22293	0	0.0926
22402622	10.7741	0.370669	3.33602	-0.179008	-0.346508	0.00127863	372200	0.634745	2.22293	0	0.12964
22402829	8.05588	-0.0247113	3.7314	-0.0958971	0.054981	0.0255726	372400	0.634745	2.22293	0	0.29632
22403022	7.63579	-0.148268	2.44642	0.301756	-0.172615	0.0115077	372600	0.634745	2.22293	0	0.11112
22403226	11.2683	1.80392	5.11524	0.446241	0.287691	-0.0473092	372800	0.634745	2.22293	0	0.12964
22403429	7.58637	0.395381	2.71824	0.804257	0.236546	0.164943	373000	0.634745	2.22293	0	0.24076
22403625	8.92078	0.667205	2.94064	-0.250611	-0.204581	-0.164943	373200	0.634745	2.22293	0	0.2778
22403837	9.76096	-0.469514	6.44965	-0.905269	-0.111241	-0.0358016	373400	0.634745	2.22293	0	0.3704
22404024	5.80715	0.19769	2.64411	-0.122748	-0.177729	-0.294084	373600	0.634745	2.22293	0	0.62968
22404223	10.7988	1.21085	3.01478	0.184122	-0.0383588	0.0511451	373800	0.634745	2.22293	0	0.61116
22404426	8.30299	1.87806	4.22563	0.296642	-0.179008	0.143206	374000	0.634745	2.22293	0	1.05564
22404623	6.74618	0.296535	2.24873	-0.13937	-0.162386	0.0191794	374200	0.634745	2.22293	0	1.03712
22404824	12.3309	1.35912	5.63417	0.282577	0.0166222	0.0792749	374400	0.634745	2.22293	0	1.24084
22405033	7.36396	0.222402	2.07575	-0.144485	0.264676	-0.162386	374600	0.634745	2.22293	0	1.31492
22405223	8.9702	0.0741339	1.87806	-0.00255726	-0.161107	-0.104848	374800	0.634745	2.22293	0	1.74088
22405427	8.77251	1.80392	5.58475	0.0690459	0.565154	0.209695	375000	0.634745	2.22293	0	1.77792
22405630	6.74618	0.790761	2.56997	-0.202023	0.0460306	0.0805536	375200	0.634745	2.22293	0	1.852
22405832	11.1695	0.790761	2.94064	-0.143206	-0.0882253	0.00127863	375400	0.634745	2.22293	0	1.92608
22406028	8.00646	0.19769	4.99168	-0.176451	-0.263397	-0.0319657	375600	0.634745	2.22293	0	0.50004
22406227	7.51223	0.222402	2.71824	0.0933399	-0.0818322	0.034523	375800	0.634745	2.22293	0	1.59272
22406429	10.5764	1.3097	4.8187	0.349066	-0.111241	0.0728818	376000	0.634745	2.22293	0	1.6668
22406627	8.05588	0.172979	3.18776	0.478207	0.010229	0.199466	376200	0.634745	2.22293	0	1.6668
22406827	9.06904	0.494226	2.07575	-0.125306	-0.153435	-0.0946185	376400	0.634745	2.22293	0	2.09276
22407028	9.34087	0.172979	5.0411	-0.196909	0.442405	-0.0562596	376600	0.634745	2.22293	0	2.0372
22407224	6.54849	0.296535	2.44642	-0.157271	0.202023	-0.216088	376800	0.634745	2.22293	0	2.05572
22407429	10.6259	0.642494	3.26189	0.239103	-0.0268512	0.00639314	377000	0.634745	2.22293	0	2.51872
22407625	8.17944	1.92748	5.09053	-0.360573	-0.0843895	0.132977	377200	0.634745	2.22293	0	1.31492
22407825	7.14156	0.56836	2.37228	0.00511451	-0.106126	0.0319657	377400	0.634745	2.22293	0	2.16684
22408025	11.3919	0.864895	3.78083	0.0588169	-0.28002	0.0933399	377600	0.634745	2.22293	0	2.11128
22408224	7.46281	0.0741339	2.74295	-0.0115077	0.126584	-0.184122	377800	0.634745	2.22293	0	2.05572
22408426	8.9702	-0.0247113	2.05104	0.099733	-0.117634	-0.125306	378000	0.634745	2.22293	0	2.14832
22408621	10.8235	2.05104	5.06581	0.240382	0.462863	-0.0179008	378200	0.634745	2.22293	0	2.18536
22408834	6.42494	0.19769	2.02633	0.0498665	0.355459	0.159829	378400	0.634745	2.22293	0	2.20388
22409024	10.2058	1.33441	2.59469	-0.148321	-0.115077	-0.13042	378600	0.634745	2.22293	0	2.24092
22409223	8.77251	0.790761	5.21408	-0.373359	-0.352901	0.112519	378800	0.634745	2.22293	0	0.62968
22409427	6.7956	0.222402	2.27344	0.0779963	0.0179008	-0.1496	379000	0.634745	2.22293	0	1.4816
22409621	10.7247	1.3097	3.36074	0.28897	-0.145764	0.112519	379200	0.634745	2.22293	0	1.53716
22409833	7.83348	0.593071	3.01478	0.621413	0.00639314	0.143206	379400	0.634745	2.22293	0	1.4816
22410021	8.17944	0.889606	1.90277	-0.112519	-0.182844	-0.0818322	379600	0.634745	2.22293	0	1.4816
22410223	11.7873	1.60623	5.98013	0.177729	0.378474	-0.106126	379800	0.634745	2.22293	0	1.44456
22410426	6.44965	0.321247	1.92748	-0.136813	0.172615	-0.154714	380000	0.634745	2.22293	0	1.42604
22410633	10.6506	0.691916	2.56997	0.111241	0.106126	-0.0332443	380200	0.634745	2.22293	0	1.44456
22410825	7.83348	1.90277	5.16466	-1.20703	0.187958	-0.194351	380400	0.634745	2.22293	0	1.46308
22411024	6.49907	0.864895	2.12517	-0.182844	-0.0332443	0.170058	380600	0.634745	2.22293	0	1.50012
22411224	11.4166	1.03787	2.32286	-0.0843895	-0.10229	0.00127863	380800	0.634745	2.22293	0	1.53716
22411428	7.98175	0.815473	3.68198	-0.0421947	0.0204581	-0.112519	381000	0.634745	2.22293	0	1.5742
22411638	7.8829	0.222402	1.85335	0.115077	-0.141928	-0.0869467	381200	0.634745	2.22293	0	1.59272
22411826	11.4166	1.90277	4.8187	0.273626	0.255726	0.181565	381400	0.634745	2.22294	0	1.64828
22412022	7.31454	0.864895	1.50739	0.638035	0.132977	0.157271	381600	0.634745	2.22294	0	1.6668
22412226	9.11847	1.43325	1.50739	-0.236546	-0.125306	-0.0294084	381800	0.634745	2.22294	0	1.70384
22412439	8.47597	0.716627	5.46119	-0.709639	-0.0281298	-0.104848	382000	0.634745	2.22294	0	1.72236
22412626	6.3508	0.593071	2.54526	-0.0153435	-0.0498665	-0.144485	382200	0.634745	2.22294	0	1.74088
22412825	11.4907	1.77921	2.07575	0.199466	-0.112519	-0.106126	382400	0.634745	2.22294	0	1.7594
22413031	7.78406	2.56997	2.96535	0.286413	-0.143206	0.0575383	382600	0.634745	2.22294	0	1.79644
22413231	7.73463	0.815473	1.33441	-0.106126	0.0664887	-0.00767177	382800	0.634745	2.22294	0	1.83348
22413430	12.1332	1.63095	5.28822	0.0767177	0.653379	0.0115077	383000	0.634745	2.22294	0	1.852
22413627	6.72147	0.543648	2.00161	-0.170058	0.113798	-0.235268	383200	0.634745	2.22294	0	1.88904
22413827	10.2799	0.76605	2.37228	0.0818322	-0.126584	-0.00255726	383400	0.634744	2.22294	0	3.20396
22414036	8.1053	2.42171	6.02955	-0.8017	0.120191	-0.177729	383600	0.634744	2.22294	0	1.83348
22414225	6.52378	0.790761	2.37228	-0.274905	0.1675	0.222481	383800	0.634744	2.22294	0	2.53724
22414430	11.5896	0.667205	2.52055	-0.230153	-0.327329	0.111241	384000	0.634744	2.22294	0	2.57428
22414627	7.68521	0.494226	3.01478	-0.0421947	-0.0498665	-0.0805536	384200	0.634744	2.22294	0	2.46316
22414822	8.35242	0.790761	2.1993	0.21481	0.0204581	-0.0460306	384400	0.634744	2.22294	0	2.57428
22415028	10.7988	1.13672	4.42332	0.179008	0.06521	0.0498665	384600	0.634744	2.22294	0	2.5928
22415228	7.70992	0.420092	2.89122	0.396375	0.506337	0.196909	384800	0.634744	2.22294	0	2.5002
22415427	9.01962	0.716627	1.92748	-0.269791	-0.0856681	-0.161107	385000	0.634744	2.22294	0	2.57428
22415625	9.93394	0.691916	4.49745	-0.0933399	0.239103	-0.0127863	385200	0.634744	2.22294	0	2.57428
22415824	7.46281	0.247113	2.59469	-0.379753	-0.0779963	-0.303035	385400	0.634744	2.22294	0	2.55576
22416022	9.09375	0.840184	2.59469	-0.32605	-0.10229	-0.124027	385600	0.634744	2.22294	0	3.16692
22416232	8.57482	2.397	4.99168	0.00767177	-0.129141	0.324772	385800	0.634744	2.22294	0	2.57428
22416436	7.56165	0.0988452	3.03949	-0.519123	0.0204581	0.0179008	386000	0.634744	2.22294	0	2.55576
22416633	10.0081	-0.0988452	3.68198	-1.02035	-0.340115	-0.301756	386200	0.634744	2.22294	0	2.57428
22416822	8.52539	-0.642494	5.48591	-1.50111	-0.39126	-0.295363	386400	0.634744	2.22294	0	2.94468
22417024	7.56165	-0.56836	3.38545	-1.31699	-0.267233	-0.395096	386600	0.634744	2.22294	0	4.59296
22417223	10.0575	1.43325	3.11362	-1.04848	-0.228874	-0.204581	386800	0.634744	2.22294	0	4.12996
22417428	8.37713	1.11201	3.55843	-0.855402	-0.044752	0.0370802	387000	0.634744	2.22294	0	4.24108
22417630	8.62424	0.444803	2.37228	-0.677673	0.0166222	-0.0907826	387200	0.634744	2.22294	0	4.38924
22417829	11.0707	0.790761	4.49745	-0.479486	-0.216088	-0.255726	387400	0.634744	2.22294	0	4.50036
22418026	7.41339	-0.518937	2.69353	-0.320936	0.0613742	-0.101012	387600	0.634744	2.22294	0	4.42628
22418225	8.82193	0.222402	2.24873	-0.0626528	-0.0511451	-0.233989	387800	0.634744	2.22294	0	4.31516
22418428	8.7478	1.33441	5.58475	-0.131699	0.737768	0.0115077	388000	0.634744	2.22294	0	4.31516
22418626	6.69676	0.469514	2.22402	-0.226317	0.35418	0.233989	388200	0.634744	2.22294	0	3.12988
22418825	10.7988	0.96374	2.66882	-0.107405	-0.10229	-0.208416	388400	0.634744	2.22294	0	3.22248
22419020	8.27828	0.0988452	5.11524	-0.543417	-0.457749	-0.0358016	388600	0.634744	2.22294	0	4.167
22419221	6.89445	0.518937	2.22402	0.107405	0.0191794	-0.148321	388800	0.634744	2.22294	0	3.4262
22419425	11.2189	1.43325	2.397	0.26084	-0.115077	0.0140649	389000	0.634744	2.22294	0	3.55584
22419632	8.27828	1.01316	3.48429	0.395096	-0.134256	0.203302	389200	0.634744	2.22294	0	4.24108
22419821	7.80877	0.395381	2.1993	-0.0434734	0.0217367	0.0613742	389400	0.634744	2.22294	0	3.40768
22420030	10.9224	0.889606	5.6836	0.0281298	0.213531	-0.0984544	389600	0.634745	2.22294	0	4.22256
22420225	7.16627	0.296535	2.07575	-0.225039	0.370802	-0.207138	389800	0.634745	2.22294	0	3.85216
22420430	9.34087	0.420092	2.94064	-0.176451	-0.0946185	-0.0831108	390000	0.634745	2.22294	0	3.53732
22420626	7.63579	2.24873	5.63417	-0.744162	0.231432	-0.034523	390200	0.634745	2.22294	0	4.48184
22420826	5.98013	0.222402	2.12517	-0.254447	0.187958	0.291527	390400	0.634745	2.22294	0	3.72252
22421025	11.985	0.864895	2.71824	-0.182844	-0.236546	-0.054981	390600	0.634745	2.22294	0	3.62992
22421226	8.00646	0.518937	4.89284	-0.199466	-0.318378	0.0473092	390800	0.634745	2.22294	0	4.29664
22421428	8.03117	0.172979	2.47113	0.273626	-0.18668	0.0600955	391000	0.634745	2.22294	0	3.4262
22421628	11.0707	1.40854	4.62101	0.350344	-0.0843895	0.150878	391200	0.634745	2.22294	0	3.74104
22421829	7.98175	0.123556	2.42171	1.14054	0.265955	0.308149	391400	0.634745	2.22294	0	3.85216
22422029	9.04433	0.345958	2.17459	-0.39126	-0.0779963	-0.126584	391600	0.634745	2.22294	0	3.241
22422229	9.39029	0.815473	5.33764	-0.526795	0.332443	-0.115077	391800	0.634745	2.22294	0	4.74112
22422431	6.27667	0.444803	2.397	-0.113798	0.143206	-0.277462	392000	0.634745	2.22294	0	4.01884
22422628	10.7741	1.18614	3.08891	0.131699	-0.0127863	-0.0613742	392200	0.634745	2.22294	0	4.00032
22422828	7.31454	2.22402	5.80715	0.0473092	-0.13042	0.126584	392400	0.634745	2.22294	0	4.51888
22423027	6.84503	0.667205	3.0642	-0.479486	-0.0818322	0.138092	392600	0.634745	2.22294	0	3.57436
22423226	11.6143	1.21085	5.09053	-0.0191794	-0.364409	0.0421947	392800	0.634745	2.22294	0	4.5374
22423431	7.26512	-0.0247113	2.91593	-0.177729	0.219924	-0.241661	393000	0.634745	2.22294	0	4.51888
22423626	8.77251	0.321247	2.29815	-0.0306871	-0.263397	-0.173893	393200	0.634745	2.22294	0	3.55584
22423826	8.72308	1.43325	5.63417	-0.360573	0.583054	0.0498665	393400	0.634745	2.22294	0	4.70408
22424026	6.22724	0.0741339	2.29815	-0.0153435	0.338836	0.236546	393600	0.634745	2.22294	0	4.31516
22424226	12.0591	0.543648	3.55843	-0.296642	-0.12147	-0.0626528	393800	0.634745	2.22294	0	4.40776
22424428	8.1053	-0.19769	4.44803	0.132977	-0.433455	0.00255726	394000	0.634745	2.22294	0	5.33376
22424625	7.11685	0.172979	2.29815	0.21481	-0.0255726	-0.166222	394200	0.634745	2.22294	0	4.24108
22424825	11.0707	2.34757	4.00323	0.636757	-0.185401	0.257004	394400	0.634745	2.22294	0	5.29672
22425035	7.73463	0.494226	1.5321	0.909105	0.350344	0.397653	394600	0.634745	2.22294	0	5.66712
22425226	9.29144	0.889606	1.90277	-0.189237	-0.0728818	-0.0268512	394800	0.634745	2.22294	0	4.83372
22425430	8.15473	0.247113	5.906	-1.20319	0.0946185	-0.305592	395000	0.634745	2.22294	0	6.14864
22425627	6.37551	0.642494	2.22402	0.258283	-0.0255726	-0.0818322	395200	0.634745	2.22294	0	4.3522
22425822	11.2436	1.03787	2.64411	0.258283	-0.0485879	0.00383588	395400	0.634745	2.22294	0	4.40776
22426022	8.03117	1.90277	4.22563	0.242939	-0.203302	0.132977	395600	0.634745	2.22294	0	4.87076
22426223	6.96858	0.345958	2.76766	-0.501222	-0.0703246	0.044752	395800	0.634745	2.22294	0	3.38916
22426429	12.2815	0.593071	5.21408	-0.104848	-0.480764	0.154714	396000	0.634745	2.22294	0	4.94484
22426628	7.38868	0.691916	1.48268	0.144485	0.421947	-0.176451	396200	0.634745	2.22294	0	4.11144
22426826	9.81038	0.172979	2.34757	-0.216088	-0.179008	-0.113798	396400	0.634745	2.22294	0	3.48176
22427027	8.55011	3.11362	4.74457	-0.827272	0.620135	-0.112519	396600	0.634745	2.22294	0	4.63
22427225	6.15311	-0.172979	1.40854	-0.466699	0.423226	0.319657	396800	0.634745	2.22294	0	3.16692
22427439	11.8614	1.18614	3.2866	0.32605	0.0575383	0.00639314	397000	0.634745	2.22294	0	3.90772
22427627	7.98175	-0.172979	4.86812	-0.204581	-0.034523	-0.249333	397200	0.634745	2.22294	0	3.83364
22427827	7.98175	0.691916	2.76766	0.237825	-0.112519	-0.0882253	397400	0.634745	2.22294	0	3.1484
22428039	9.53856	1.87806	5.53533	-0.06521	1.03825	-0.0779963	397600	0.634745	2.22294	0	3.55584
22428228	7.06743	0.988452	2.00161	0.482043	0.299199	0.418111	397800	0.634745	2.22294	0	2.85208
22428430	10.3046	0.543648	2.89122	-0.0485879	-0.117634	-0.0882253	398000	0.634745	2.22294	0	3.18544
22428627	8.57482	0.19769	5.60946	-0.360573	-0.434734	-0.117634	398200	0.634745	2.22294	0	4.05588
22428827	7.26512	0.494226	3.18776	0.0473092	-0.0626528	-0.244218	398400	0.634745	2.22294	0	3.75956
22429027	10.5023	1.65566	4.12679	0.0294084	-0.244218	0.0473092	398600	0.634745	2.22294	0	4.24108
22429227	8.13001	1.45797	3.41016	0.863074	0.010229	0.443684	398800	0.634746	2.22294	0	4.27812
22429431	8.25357	0.914318	2.64411	-0.25189	-0.218645	0.153435	399000	0.634746	2.22294	0	3.66696
22429627	11.3425	1.28499	6.32609	-0.155993	-0.21481	-0.0946185	399200	0.634746	2.22294	0	3.68548
22429828	7.51223	0.543648	3.36074	-0.180287	0.0600955	-0.0434734	399400	0.634746	2.22294	0	3.66696
22430024	8.77251	0.667205	2.56997	0.0907826	-0.246775	-0.171336	399600	0.634746	2.22294	0	3.77808
22430237	8.82193	2.54526	4.86812	-0.379753	0.868189	-0.122748	399800	0.634746	2.22294	0	3.74104
22430440	6.32609	0.914318	2.54526	-0.294084	0.0792749	0.315821	400000	0.634746	2.22294	0	3.44472
22430635	10.4529	1.03787	2.8418	-0.134256	-0.0255726	-0.0920612	400200	0.634746	2.22294	0	3.75956
22430827	8.57482	0.395381	5.6836	-0.395096	-0.350344	-0.0396375	400400	0.634746	2.22294	0	3.66696
22431025	6.17782	0.864895	2.44642	0.0268512	-0.274905	-0.228874	400600	0.634746	2.22294	0	3.68548
22431226	10.7	1.95219	2.56997	0.397653	-0.0524238	0.00511451	400800	0.634746	2.22294	0	3.77808
22431430	7.2157	1.01316	4.52217	0.452634	-0.173893	0.259562	401000	0.634746	2.22294	0	3.7966
22431626	8.03117	1.06259	2.76766	-0.210974	-0.141928	0.154714	401200	0.634746	2.22294	0	3.83364
22431826	11.2189	0.939029	4.99168	-0.168779	-0.589448	-0.0946185	401400	0.634746	2.22294	0	3.87068
22432025	7.19099	0.469514	3.03949	-0.352901	0.333722	-0.180287	401600	0.634746	2.22294	0	3.8892
22432226	8.99491	0.840184	2.29815	0.044752	-0.157271	-0.147042	401800	0.634746	2.22294	0	3.59288
22432439	10.2058	1.21085	5.78244	0.811929	0.323493	-0.253168	402000	0.634746	2.22294	0	3.59288
22432628	8.37713	0.123556	2.14988	0.135535	0.319657	0.164943	402200	0.634746	2.22294	0	3.57436
22432825	8.79722	0.271824	2.02633	-1.00244	-0.292806	-0.396375	402400	0.634746	2.22294	0	3.62992
22433023	10.0328	0.815473	4.02794	-1.33105	0.249333	-0.581776	402600	0.634746	2.22294	0	3.74104
22433225	7.16627	-0.345958	3.92909	-1.93712	-0.0409161	-0.630364	402800	0.634746	2.22294	0	3.75956
22433440	9.8598	1.33441	3.38545	-1.33489	-0.340115	-0.397653	403000	0.634746	2.22294	0	3.7966
22433621	7.80877	2.81709	5.23879	-1.01395	0.0127863	0.161107	403200	0.634746	2.22294	0	3.81512
22433820	6.84503	1.13672	2.56997	-0.635478	0.250611	-0.010229	403400	0.634746	2.22294	0	3.81512
22434024	11.5649	1.40854	3.18776	-0.567711	-0.194351	-0.161107	403600	0.634746	2.22294	0	4.31516
22434224	7.58637	0.0247113	5.09053	-0.765898	-0.681509	0.0127863	403800	0.634746	2.22294	0	4.18552
22434427	7.41339	0.0741339	2.59469	-0.0856681	-0.0409161	-0.180287	404000	0.634746	2.22294	0	4.09292
22434626	10.5023	2.49584	3.41016	0.522959	-0.29792	0.0370802	404200	0.634746	2.22294	0	4.05588
22434836	7.36396	0.790761	1.90277	0.259562	0.0664887	0.411718	404400	0.634746	2.22294	0	3.31508
22435025	8.7478	0.889606	2.42171	-0.212252	-0.0127863	0.0626528	404600	0.634746	2.22294	0	3.62992
22435233	11.2931	0.96374	6.7956	0.359295	0.35418	-0.198187	404800	0.634746	2.22294	0	3.09284
22435428	6.67205	0.617782	2.37228	0.0537024	0.389982	-0.358016	405000	0.634746	2.22294	0	3.0558
22435631	9.81038	1.0873	3.0642	0.285134	0.109962	-0.0958971	405200	0.634746	2.22294	0	3.16692
22435832	7.36396	2.71824	5.95542	-0.693016	0.103569	0.148321	405400	0.634746	2.22294	0	2.778
22436031	6.1284	1.16143	2.91593	-0.4846	0.10229	0.282577	405600	0.634746	2.22294	0	3.38916
22436220	12.0838	0.543648	3.21247	-0.227596	-0.241661	-0.0754391	405800	0.634746	2.22294	0	3.40768
22436440	7.26512	0.469514	3.26189	0.0230153	-0.132977	-0.161107	406000	0.634746	2.22294	0	3.27804
22436625	7.75934	0.444803	2.22402	-0.122748	0.0332443	-0.162386	406200	0.634747	2.22294	0	3.83364
22436826	10.7247	1.65566	5.06581	0.777406	0.132977	0.0626528	406400	0.634747	2.22294	0	3.3336
22437025	7.80877	0.296535	1.43325	1.26584	0.636757	0.482043	406600	0.634747	2.22294	0	3.31508
22437227	9.88452	1.16143	2.34757	-0.204581	-0.162386	-0.236546	406800	0.634747	2.22294	0	3.25952
22437431	7.80877	-0.247113	4.96697	-1.00244	-0.294084	-0.0473092	407000	0.634747	2.22294	0	2.88912
22437626	6.10369	0.617782	2.64411	-0.00767177	0.0485879	-0.222481	407200	0.634747	2.22294	0	3.00024
22437825	11.0459	2.10046	2.34757	0.291527	-0.0370802	0.0498665	407400	0.634747	2.22294	0	2.94468
22438025	7.4381	2.37228	4.49745	-0.476928	-0.225039	0.161107	407600	0.634747	2.22294	0	2.53724
22438226	7.46281	0.864895	2.74295	-0.418111	0.0792749	0.22376	407800	0.634747	2.22294	0	2.51872
22438429	12.0097	1.40854	5.18937	-0.1496	-0.245497	0.125306	408000	0.634747	2.22294	0	2.61132
22438627	6.94387	0.518937	2.96535	-0.278741	0.107405	-0.304314	408200	0.634747	2.22294	0	2.53724
22438825	8.9702	0.914318	2.22402	-0.034523	-0.0306871	-0.154714	408400	0.634747	2.22294	0	2.66688
22439027	9.31616	2.02633	6.1284	0.662329	0.855402	-0.28002	408600	0.634747	2.22294	0	2.70392
22439228	6.72147	1.13672	2.00161	0.370802	0.563875	0.134256	408800	0.634747	2.22294	0	3.00024
22439430	10.3293	1.77921	3.41016	-0.117634	-0.225039	-0.222481	409000	0.634747	2.22294	0	3.07432
22439626	8.57482	0.543648	5.36235	-0.663608	-0.494829	-0.0089504	409200	0.634747	2.22294	0	2.98172
22439824	5.58475	1.26028	2.47113	0.218645	0.0409161	-0.274905	409400	0.634747	2.22294	0	3.0558
22440025	11.2436	2.12517	2.66882	0.277462	-0.00383588	-0.0562596	409600	0.634747	2.22294	0	3.40768
22440223	7.38868	3.0642	4.96697	-0.124027	-0.222481	0.0089504	409800	0.634747	2.22294	0	2.66688
22440427	6.82032	1.11201	2.86651	-0.182844	-0.0140649	0.308149	410000	0.634747	2.22294	0	3.20396
22440624	11.7626	2.02633	3.43487	0.0383588	-0.405325	0.329886	410200	0.634747	2.22294	0	3.241
22440821	7.78406	0.617782	3.0642	-0.22376	0.193073	-0.131699	410400	0.634747	2.22294	0	2.74096
22441020	7.95703	0.222402	2.42171	0.161107	-0.010229	-0.104848	410600	0.634747	2.22294	0	3.85216
22441221	10.3293	1.92748	6.7956	0.258283	0.682787	-0.0843895	410800	0.634747	2.22294	0	2.90764
22441425	6.3508	1.03787	2.14988	0.166222	0.274905	0.22376	411000	0.634747	2.22294	0	2.9632
22441633	10.0328	1.3097	3.2866	-0.103569	-0.13937	-0.141928	411200	0.634747	2.22294	0	3.0558
22441823	8.45126	0.518937	6.02955	-1.32338	-0.378474	0.0421947	411400	0.634747	2.22294	0	2.72244
22442021	5.88129	0.864895	2.71824	0.044752	-0.0191794	-0.153435	411600	0.634747	2.22294	0	3.29656
22442220	11.5402	1.87806	3.18776	0.438569	-0.15855	0.208416	411800	0.634747	2.22294	0	3.18544
22442424	7.53694	1.28499	3.48429	0.882253	-0.0843895	0.210974	412000	0.634747	2.22294	0	2.48168
22442623	8.22886	0.691916	2.6194	-0.177729	-0.0856681	0.0089504	412200	0.634747	2.22294	0	2.79652
22442823	10.873	0.914318	7.11685	0.054981	-0.06521	-0.225039	412400	0.634747	2.22294	0	2.6854
22443021	6.59791	0.667205	2.24873	0.0473092	0.346508	-0.230153	412600	0.634747	2.22294	0	2.64836
22443224	9.81038	0.889606	2.81709	-0.111241	-0.0818322	-0.154714	412800	0.634747	2.22294	0	2.778
22443425	7.75934	3.55843	5.58475	-0.82983	-0.0153435	0.0869467	413000	0.634747	2.22294	0	2.38908
22443623	6.44965	0.494226	2.96535	-0.617577	0.208416	0.301756	413200	0.634747	2.22294	0	2.70392
22443821	11.4166	1.16143	1.9769	-0.0242939	-0.131699	-0.0792749	413400	0.634747	2.22294	0	2.72244
22444020	7.58637	0.815473	4.76928	-0.292806	-0.34523	-0.0690459	413600	0.634747	2.22294	0	2.64836
22444221	7.04272	0.518937	2.17459	0.329886	-0.0537024	-0.089504	413800	0.634747	2.22294	0	2.72244
22444424	11.2683	2.12517	4.69514	0.235268	-0.0460306	0.132977	414000	0.634747	2.22294	0	2.61132
22444620	8.08059	0.939029	1.82864	0.934677	0.218645	0.29792	414200	0.634747	2.22294	0	2.2224
22444821	9.16789	1.11201	2.1993	-0.763341	-0.0779963	-0.111241	414400	0.634747	2.22294	0	2.61132
22445020	9.88452	1.68037	4.91755	0	0.415554	-0.310707	414600	0.634747	2.22294	0	2.53724
22445221	6.5732	0.716627	2.10046	0.155993	0.318378	-0.239103	414800	0.634747	2.22294	0	2.53724
22445425	10.1316	0.815473	2.96535	0.0754391	0.0805536	-0.00767177	415000	0.634747	2.22294	0	3.53732
22445631	7.85819	2.47113	5.38706	-0.580497	-0.159829	0.233989	415200	0.634747	2.22294	0	3.09284
22445820	7.2157	0.56836	3.16304	-0.277462	0.0728818	0.265955	415400	0.634747	2.22294	0	3.66696
22446018	10.8235	0.716627	2.86651	0.12147	-0.0127863	-0.0332443	415600	0.634748	2.22294	0	3.74104
22446219	8.1053	0.420092	4.86812	-0.47565	-0.313264	-0.12147	415800	0.634748	2.22294	0	3.27804
22446424	7.11685	0.345958	2.6194	0.180287	-0.127863	-0.159829	416000	0.634748	2.22294	0	4.14848
22446633	11.0212	1.45797	6.54849	0.141928	0.480764	-0.0524238	416200	0.634748	2.22294	0	4.09292
22446820	7.90761	0.889606	2.22402	0.733933	0.175172	0.265955	416400	0.634748	2.22294	0	3.68548
22447020	8.50068	0.96374	2.37228	-0.265955	-0.0843895	0.0319657	416600	0.634748	2.22294	0	4.50036
22447219	10.1563	1.68037	5.16466	0.0217367	0.691738	-0.361852	416800	0.634748	2.22294	0	4.05588
22447424	7.06743	0.691916	2.71824	0.0511451	0.320936	-0.281298	417000	0.634748	2.22294	0	3.92624
22447622	9.71154	0.0741339	2.81709	-0.118912	-0.0089504	-0.0869467	417200	0.634748	2.22294	0	4.0744
22447824	8.15473	2.24873	4.67043	-0.658494	0.210974	0.0434734	417400	0.634748	2.22294	0	3.59288
22448019	7.70992	1.18614	2.29815	-0.636757	0.193073	0.0805536	417600	0.634748	2.22294	0	3.50028
22448219	10.3293	1.35912	2.66882	0.124027	-0.0204581	-0.15855	417800	0.634748	2.22294	0	3.59288
22448430	8.17944	0.321247	5.11524	-1.3758	-0.274905	0.0217367	418000	0.634748	2.22294	0	3.6114
22448619	7.68521	-0.0494226	2.96535	-0.0754391	-0.111241	-0.0818322	418200	0.634748	2.22294	0	4.00032
22448820	10.7988	0.741339	3.16304	0.147042	-0.306871	-0.00383588	418400	0.634748	2.22294	0	3.92624
22449019	8.3277	1.0873	5.01639	0.0984544	-0.209695	-0.0946185	418600	0.634748	2.22294	0	3.11136
22449229	7.75934	0.939029	2.24873	-0.641871	-0.109962	-0.209695	418800	0.634748	2.22294	0	3.704
22449428	11.2931	0.864895	2.32286	-0.691738	-0.592005	-0.233989	419000	0.634748	2.22294	0	3.72252
22449622	8.08059	1.11201	5.09053	-1.69035	0.0281298	-0.547253	419200	0.634748	2.22294	0	3.00024
22449831	8.00646	0.19769	3.70669	-1.59829	-0.152157	-0.611184	419400	0.634748	2.22294	0	4.18552
22450027	10.2058	1.92748	4.12679	-0.700688	-0.346508	-0.00767177	419600	0.634748	2.22294	0	3.35212
22450225	8.15473	0.864895	3.7314	-0.822158	0.0294084	-0.00639314	419800	0.634748	2.22294	0	2.5928
22450429	8.64895	0.790761	2.91593	-0.544696	-0.144485	-0.106126	420000	0.634748	2.22294	0	2.98172
22450624	10.5517	1.18614	5.2635	-0.438569	-0.332443	-0.323493	420200	0.634748	2.22294	0	3.00024
22450825	7.4381	0.247113	3.16304	-0.287691	0.296642	-0.259562	420400	0.634748	2.22294	0	3.12988
22451025	9.14318	0.395381	1.87806	-0.125306	-0.127863	-0.00383588	420600	0.634748	2.22294	0	2.98172
22451223	10.2799	0.914318	5.18937	0.622692	0.173893	-0.0166222	420800	0.634748	2.22294	0	2.55576
22451429	7.73463	0.0988452	2.12517	0.570268	0.460306	0.237825	421000	0.634748	2.22294	0	2.62984
22451626	9.26673	0.642494	2.86651	-0.161107	0.0140649	-0.109962	421200	0.634748	2.22294	0	2.74096
22451825	7.51223	1.13672	5.48591	-0.863074	0.199466	-0.329886	421400	0.634748	2.22294	0	3.07432
22452035	7.26512	0.864895	2.89122	0.0588169	0.0639314	-0.281298	421600	0.634748	2.22294	0	3.38916
22452225	10.527	1.3097	3.38545	0.138092	-0.089504	-0.0268512	421800	0.634748	2.22294	0	4.5374
22452437	8.15473	2.94064	5.11524	0.28897	-0.230153	0.231432	422000	0.634748	2.22294	0	4.00032
22452624	6.22724	0.716627	2.86651	-0.625249	-0.12147	0.126584	422200	0.634748	2.22294	0	4.96336
22452823	11.5649	0.741339	2.8418	-0.202023	-0.147042	0.0473092	422400	0.634748	2.22294	0	5.01892
22453022	7.4381	0.716627	5.28822	-0.543417	-0.381031	-0.180287	422600	0.634748	2.22294	0	4.31516
22453222	7.63579	0.444803	2.56997	0.19563	-0.089504	-0.15855	422800	0.634748	2.22294	0	4.88928
22453427	10.1811	1.65566	3.31131	0.313264	-0.0677673	0.208416	423000	0.634748	2.22294	0	4.88928
22453624	7.8829	0.790761	3.18776	0.691738	-0.170058	0.283855	423200	0.634748	2.22294	0	4.2596
22453825	8.1053	0.889606	1.90277	-0.147042	0.0166222	-0.00511451	423400	0.634748	2.22294	0	5.68564
22454029	11.3425	0.741339	7.11685	0.282577	0.476928	0.194351	423600	0.634748	2.22294	0	4.48184
22454229	6.67205	0.271824	2.37228	-0.202023	0.144485	-0.184122	423800	0.634748	2.22294	0	4.5374
22454432	10.2305	0.716627	2.94064	-0.00127863	0.0485879	-0.108683	424000	0.634748	2.22294	0	5.6486
22454629	7.01801	2.07575	5.58475	-0.785078	0.13042	0.124027	424200	0.634748	2.22294	0	4.77816
22454829	6.25196	0.444803	2.94064	-0.420669	0.134256	0.157271	424400	0.634748	2.22294	0	4.79668
22455028	11.2931	1.35912	2.52055	0.489715	-0.00383588	-0.0933399	424600	0.634748	2.22294	0	4.75964
22455229	8.08059	0.420092	4.96697	-0.287691	-0.383588	-0.0153435	0	0	0	0	0
22455241	7.58637	0.494226	4.29976	-0.125306	-0.241661	-0.101012	424800	0.634748	2.22294	0	3.55584
22455433	7.73463	0.494226	2.32286	0.157271	-0.177729	-0.0856681	425000	0.634748	2.22294	0	5.05596
22455630	11.5649	1.3097	5.09053	0.915498	0.0230153	0.241661	425200	0.634748	2.22294	0	3.94476
22455829	7.2157	0.222402	2.14988	0.645707	0.420669	0.122748	425400	0.634748	2.22294	0	3.8892
22456028	8.94549	1.03787	2.34757	-0.585612	-0.109962	-0.144485	425600	0.634748	2.22294	0	5.22264
22456228	9.78567	1.40854	5.23879	-0.230153	0.494829	-0.209695	425800	0.634748	2.22294	0	3.57436
22456430	6.7956	0.741339	2.1993	0.010229	0.164943	-0.369524	426000	0.634748	2.22294	0	3.50028
22456625	9.95865	0.840184	2.94064	0.0166222	0.257004	-0.144485	426200	0.634747	2.22294	0	5.05596
22456824	8.55011	2.32286	5.48591	-0.939792	-0.171336	0.0217367	426400	0.634747	2.22294	0	3.48176
22457024	6.62263	0.345958	2.79238	-0.497386	0.0716032	0.1496	426600	0.634747	2.22294	0	4.50036
22457225	11.1942	1.35912	2.76766	-0.221203	-0.392539	0.0639314	426800	0.634747	2.22294	0	3.66696
22457433	8.08059	0.988452	4.52217	-0.212252	-0.209695	-0.0319657	427000	0.634747	2.22294	0	3.0558
22457627	7.58637	0.716627	2.56997	0.0971757	0.0255726	-0.0831108	427200	0.634747	2.22294	0	4.83372
22457827	10.873	2.14988	4.42332	0.566432	-0.172615	0.245497	427400	0.634747	2.22294	0	3.64844
22458026	7.8829	0.988452	2.44642	0.585612	0.356737	0.179008	427600	0.634747	2.22294	0	3.50028
22458227	9.06904	1.38383	2.34757	-0.505058	-0.106126	-0.154714	427800	0.634747	2.22294	0	4.22256
22458431	8.9702	1.03787	4.76928	-0.552367	0.67128	-0.181565	428000	0.634747	2.22294	0	3.1484
22458629	6.3508	1.16143	2.6194	0.177729	0.290249	-0.274905	428200	0.634747	2.22294	0	3.5188
22458825	10.5023	1.13672	3.80554	-0.221203	0.13937	-0.106126	428400	0.634747	2.22294	0	5.0004
22459026	6.99329	3.01478	6.40022	-1.45764	-0.638035	-0.0332443	428600	0.634747	2.22294	0	3.87068
22459236	6.40022	0.642494	2.56997	-0.349066	-0.0767177	0.19563	428800	0.634747	2.22294	0	4.51888
22459431	12.4298	0.790761	3.01478	0.287691	-0.219924	0.115077	429000	0.634747	2.22294	0	4.09292
22459629	7.11685	0.642494	3.16304	-0.13937	-0.210974	-0.089504	429200	0.634747	2.22294	0	4.09292
22459830	8.35242	0.370669	2.10046	-0.129141	-0.00767177	0.010229	429400	0.634747	2.22294	0	4.92632
22460029	11.1942	1.16143	5.65889	0.462863	0.189237	0.044752	429600	0.634747	2.22294	0	3.96328
22460226	7.6605	0.370669	1.92748	1.31187	0.361852	0.172615	429800	0.634747	2.22294	0	4.63
22460431	9.56327	0.840184	2.47113	-0.163664	0.0805536	-0.0920612	430000	0.634747	2.22294	0	4.98188
22460630	8.64895	0.0494226	4.84341	-0.411718	-0.108683	-0.1675	430200	0.634747	2.22294	0	3.66696
22460828	6.84503	0.939029	2.8418	0.0818322	0.101012	-0.12147	430400	0.634747	2.22294	0	4.14848
22461026	10.2799	1.21085	3.58314	0.166222	0.00511451	0.0600955	430600	0.634747	2.22294	0	4.51888
22461229	8.00646	2.02633	4.64572	-0.136813	-0.138092	0.292806	430800	0.634747	2.22294	0	3.5188
22461430	7.2157	0.790761	2.86651	0.00255726	0.0115077	0.132977	431000	0.634747	2.22293	0	4.37072
22461626	11.1695	0.939029	5.36235	0.365688	-0.239103	0.1496	431200	0.634747	2.22293	0	4.29664
22461825	8.00646	0.420092	3.26189	0.230153	0.311985	-0.227596	431400	0.634747	2.22293	0	3.48176
22462025	8.42655	-0.0988452	2.27344	0.196909	-0.208416	-0.106126	431600	0.634747	2.22293	0	4.87076
22462225	10.4776	1.82864	6.00484	0.13042	0.622692	-0.308149	431800	0.634747	2.22293	0	3.90772
22462429	6.89445	0.617782	2.52055	0.304314	0.124027	0.0882253	432000	0.634747	2.22293	0	3.6114
22462629	10.2058	1.5321	2.27344	0.175172	0.0703246	-0.099733	432200	0.634747	2.22293	0	4.64852
22462824	8.03117	1.16143	5.23879	-1.18912	-0.300478	-0.127863	432400	0.634747	2.22293	0	3.59288
22463024	6.89445	0.939029	3.16304	-0.245497	-0.0140649	-0.242939	432600	0.634747	2.22293	0	4.3522
22463224	10.4776	1.38383	3.23718	0.219924	-0.118912	0.101012	432800	0.634747	2.22293	0	4.24108
22463428	7.56165	2.00161	3.70669	-0.227596	-0.184122	0.230153	433000	0.634747	2.22293	0	3.31508
22463628	7.78406	1.11201	2.42171	-0.593283	-0.249333	0.0358016	433200	0.634747	2.22293	0	4.8152
22463835	10.9965	1.87806	7.56165	0.589448	0.603513	-0.328607	433400	0.634746	2.22293	0	4.167
22464024	6.84503	0.864895	3.11362	-0.0153435	0.26084	-0.346508	433600	0.634746	2.22293	0	4.03736
22464225	8.84664	0.716627	2.86651	0.0485879	-0.0767177	-0.0140649	433800	0.634746	2.22293	0	5.53748
22464427	8.89606	3.53371	5.43648	-0.489715	0.607348	-0.366966	434000	0.634746	2.22293	0	3.92624
22464628	6.25196	1.01316	2.47113	0.184122	0.1675	0.329886	434200	0.634746	2.22293	0	4.68556
22464824	10.6753	0.76605	3.0642	0.0460306	-0.0485879	-0.0626528	434400	0.634746	2.22293	0	5.63008
22465025	8.27828	0.790761	6.17782	-1.28119	-0.18668	0.0613742	434600	0.634746	2.22293	0	3.87068
22465224	7.09214	0.76605	3.31131	-0.0728818	-0.239103	-0.207138	434800	0.634746	2.22293	0	5.13004
22465430	10.6011	1.23556	3.26189	0.418111	-0.155993	0.0843895	435000	0.634746	2.22293	0	5.093
22465625	7.56165	1.01316	4.47274	0.177729	-0.340115	0.138092	435200	0.634746	2.22293	0	4.24108
22465837	8.00646	0	3.08891	-0.983265	-0.283855	-0.254447	435400	0.634746	2.22293	0	5.63008
22466035	9.90923	0.56836	6.52378	-1.26328	-0.150878	-0.602234	435600	0.634746	2.22293	0	5.03744
22466226	7.26512	-0.247113	5.13995	-1.96653	-0.0153435	-0.859238	435800	0.634746	2.22293	0	4.55592
22466431	8.67366	0.444803	3.68198	-1.68907	-0.358016	-0.594562	436000	0.634746	2.22293	0	6.27828
22466634	10.0822	2.52055	5.33764	-0.300478	0.141928	-0.0933399	436200	0.634746	2.22293	0	4.2596
22466824	7.46281	0.642494	2.1993	-0.0588169	0.200745	0.0971757	436400	0.634746	2.22293	0	4.20404
22467025	10.1811	0.716627	2.99007	-0.444963	-0.0511451	-0.170058	436600	0.634746	2.22293	0	4.59296
22467223	7.04272	0.172979	5.78244	-0.914219	-0.0882253	-0.181565	436800	0.634746	2.22293	0	4.167
22467422	6.22724	0.247113	3.23718	-0.118912	0.0537024	-0.364409	437000	0.634746	2.22293	0	4.57444
22467620	11.3425	0.741339	3.70669	-0.0907826	0.00383588	-0.0562596	437200	0.634746	2.22293	0	4.51888
22467822	7.31454	2.71824	4.99168	-0.73649	-0.372081	0.0703246	437400	0.634746	2.22293	0	4.46332
22468023	6.5732	0.617782	2.64411	-0.597119	-0.0191794	0.161107	437600	0.634746	2.22293	0	5.48192
22468223	11.7873	0.321247	4.27505	0.50378	-0.341394	0.239103	437800	0.634746	2.22293	0	4.94484
22468427	7.75934	0	2.71824	0.19563	0.300478	-0.21481	438000	0.634746	2.22293	0	3.4262
22468623	8.52539	0	2.52055	0.12147	-0.303035	-0.15855	438200	0.634746	2.22293	0	6.14864
22468822	10.7247	1.9769	6.42494	0.832387	0.882253	-0.0805536	438400	0.634746	2.22293	0	4.167
22469031	6.44965	-0.0494226	2.12517	0.273626	0.222481	0.265955	438600	0.634746	2.22293	0	4.167
22469222	10.3293	0.420092	2.99007	-0.196909	0.0664887	0.0204581	438800	0.634746	2.22293	0	5.38932
22469425	8.64895	0.667205	5.75773	-0.514009	-0.295363	0.0716032	439000	0.634746	2.22293	0	2.79652
22469620	6.3508	0.19769	2.56997	0.0358016	-0.136813	-0.28897	439200	0.634746	2.22293	0	5.03744
22469822	11.3919	1.28499	3.31131	0.350344	-0.0805536	0.107405	439400	0.634746	2.22293	0	5.11152
22470022	7.68521	1.48268	4.20092	0.118912	-0.300478	0.314543	439600	0.634746	2.22293	0	2.94468
22470220	7.61108	0.76605	2.47113	-0.81065	-0.315821	0.0882253	439800	0.634745	2.22293	0	5.51896
22470424	11.2436	1.77921	7.28983	0.45647	0.343951	-0.306871	440000	0.634745	2.22293	0	4.00032
22470634	6.54849	0.222402	2.52055	-0.171336	0.267233	-0.241661	440200	0.634745	2.22293	0	4.48184
22470823	9.66211	0.543648	3.08891	0.0332443	-0.06521	-0.0537024	440400	0.634745	2.22293	0	5.87084
22471024	8.15473	2.81709	6.62263	-0.508894	-0.0421947	0.191794	440600	0.634745	2.22293	0	3.96328
22471223	6.20253	0.19769	2.6194	-0.437291	-0.034523	0.0843895	440800	0.634745	2.22293	0	5.44488
22471427	11.0707	0.76605	2.91593	-0.277462	-0.287691	0.0230153	441000	0.634745	2.22293	0	5.11152
22471633	7.95703	0.172979	4.02794	-0.0460306	0.0843895	-0.147042	441200	0.634745	2.22293	0	2.9632
22471831	7.6605	0	2.37228	0.116355	-0.35418	-0.134256	441400	0.634745	2.22293	0	5.29672
22472022	11.1201	2.1993	5.73302	0.589448	0.505058	0.0856681	441600	0.634745	2.22293	0	5.01892
22472221	7.01801	0.494226	1.77921	0.868189	0.499944	0.352901	441800	0.634745	2.22293	0	4.9078
22472424	9.6374	0.642494	2.6194	-0.120191	-0.0268512	-0.131699	442000	0.634745	2.22293	0	6.44496
22472621	9.29144	0.864895	5.85658	-0.13042	0.124027	-0.0498665	442200	0.634745	2.22294	0	4.33368
22472832	6.1284	0.741339	2.59469	0.0600955	-0.125306	-0.249333	442400	0.634745	2.22294	0	4.79668
22473020	10.6011	1.06259	3.01478	0.196909	-0.1496	-0.157271	442600	0.634745	2.22294	0	4.83372
22473232	7.95703	1.72979	4.44803	-0.166222	-0.360573	0.161107	442800	0.634745	2.22294	0	2.5002
22473423	6.74618	0.518937	2.24873	-0.336279	-0.0115077	0.217367	443000	0.634745	2.22294	0	3.92624
22473634	12.2074	1.5321	6.74618	0.870746	0.185401	0.161107	443200	0.634745	2.22294	0	3.46324
22473832	7.4381	0.0247113	2.8418	0.0460306	0.395096	-0.22376	443400	0.634745	2.22294	0	2.5002
22474020	8.99491	0.296535	2.42171	0.0115077	-0.199466	-0.104848	443600	0.634745	2.22294	0	3.4262
22474221	9.90923	1.45797	4.96697	-0.0716032	0.705803	-0.228874	443800	0.634745	2.22294	0	2.16684
22474425	6.86974	0.56836	2.44642	0.172615	0.141928	0.254447	444000	0.634745	2.22294	0	2.24092
22474623	10.0575	0.716627	3.26189	-0.129141	-0.153435	0.0358016	444200	0.634745	2.22294	0	2.9632
22474822	9.14318	0.642494	5.95542	-0.342672	-0.163664	0.00639314	444400	0.634745	2.22294	0	1.852
22475019	7.04272	0.123556	2.52055	0.179008	-0.1496	-0.12147	444600	0.634745	2.22294	0	2.64836
22475222	10.3046	1.28499	3.26189	0.34523	-0.163664	-0.00383588	444800	0.634745	2.22294	0	3.0558
22475429	8.03117	0.667205	3.55843	0.318378	0.0690459	0.15855	445000	0.634745	2.22294	0	2.42612
22475625	7.93232	0.494226	2.14988	-0.203302	-0.1496	0.104848	445200	0.634745	2.22294	0	2.98172
22475823	11.7379	0.790761	6.5732	0.700688	0.388703	-0.00255726	445400	0.634745	2.22294	0	2.09276
22476023	7.24041	0.123556	2.71824	-0.0626528	0.180287	-0.227596	445600	0.634745	2.22294	0	1.72236
22476222	8.89606	-0.222402	2.99007	-0.054981	-0.106126	-0.0332443	445800	0.634745	2.22294	0	2.25944
22476426	8.52539	1.92748	5.46119	-0.488436	0.244218	-0.00767177	446000	0.634745	2.22294	0	2.2224
22476623	6.67205	-0.0247113	3.21247	-0.00767177	-0.0383588	0.171336	446200	0.634745	2.22294	0	2.315
22476821	10.8483	0.593071	3.41016	0.264676	-0.180287	0.138092	446400	0.634745	2.22294	0	2.64836
22477021	8.82193	0	5.48591	-0.412997	-0.226317	0.1675	446600	0.634745	2.22294	0	0.38892
22477222	6.99329	-0.444803	2.54526	0.13042	-0.207138	-0.0690459	446800	0.634745	2.22294	0	1.33344
22477426	11.1201	0.889606	4.84341	0.388703	-0.283855	0.21481	447000	0.634745	2.22294	0	1.90756
22477629	7.90761	0.0988452	2.71824	0.684066	0.292806	0.185401	447200	0.634745	2.22294	0	1.98164
22477820	8.3277	0.56836	2.37228	-0.166222	-0.0818322	-0.170058	447400	0.634745	2.22294	0	2.55576
22478020	10.4776	1.06259	7.28983	0.222481	0.67128	-0.336279	447600	0.634745	2.22294	0	2.66688
22478221	6.7956	0.617782	2.79238	-0.124027	0.134256	-0.264676	447800	0.634745	2.22294	0	2.74096
22478425	9.53856	0.0494226	3.0642	-0.12147	0.00639314	-0.0140649	448000	0.634745	2.22294	0	4.8152
22478622	7.61108	2.44642	5.85658	-1.24155	-0.0562596	0.176451	448200	0.634745	2.22294	0	2.79652
22478825	6.52378	0.247113	3.13833	-0.462863	-0.0332443	0.0089504	448400	0.634745	2.22294	0	4.75964
22479025	10.9224	0.444803	3.41016	0.245497	-0.0754391	0.0958971	448600	0.634744	2.22294	0	5.13004
22479233	7.85819	-0.222402	4.84341	-0.207138	-0.155993	-0.155993	448800	0.634744	2.22294	0	4.48184
22479426	7.16627	0.0741339	2.86651	0.124027	-0.230153	-0.0409161	449000	0.634744	2.22294	0	4.48184
22479622	12.1332	0.914318	5.6836	0.570268	0.171336	-0.00255726	449200	0.634744	2.22294	0	3.8892
22479821	7.61108	0.19769	2.42171	0.639314	0.0409161	0.200745	449400	0.634744	2.22294	0	3.25952
22480022	9.31616	0.716627	2.24873	-0.227596	-0.308149	-0.0575383	449600	0.634744	2.22294	0	3.25952
22480233	9.29144	0.19769	5.13995	-0.00255726	0.314543	-0.191794	449800	0.634744	2.22294	0	2.64836
22480427	6.32609	0.494226	2.74295	-0.0805536	0.253168	-0.346508	450000	0.634744	2.22294	0	2.79652
22480635	11.0459	0.469514	3.11362	-0.154714	0.0089504	-0.240382	450200	0.634744	2.22294	0	3.40768
22480828	6.94387	1.7545	6.20253	-1.07916	-0.191794	0.108683	450400	0.634744	2.22294	0	3.35212
22481038	6.86974	0.691916	3.13833	-1.13286	0.0319657	0.0575383	450600	0.634744	2.22294	0	3.46324
22481225	10.3046	-0.395381	4.22563	-1.53691	-0.405325	-0.609906	450800	0.634744	2.22294	0	3.35212
22481426	7.61108	-0.691916	5.21408	-2.60968	-0.328607	-0.342672	451000	0.634744	2.22294	0	2.90764
22481624	7.78406	-0.172979	3.60785	-1.26968	0.00255726	-0.498665	451200	0.634744	2.22294	0	4.27812
22481840	10.4776	1.50739	3.38545	-0.86691	-0.464142	-0.113798	451400	0.634744	2.22294	0	4.24108
22482023	7.36396	1.03787	2.86651	-0.631642	0.00255726	-0.0575383	451600	0.634744	2.22294	0	3.40768
22482236	9.26673	1.13672	2.66882	-0.860517	0.120191	-0.127863	451800	0.634744	2.22294	0	3.50028
22482427	10.873	1.0873	5.36235	-0.496108	0.320936	-0.482043	452000	0.634744	2.22294	0	3.4262
22482634	6.82032	0.19769	2.79238	-0.506337	0.378474	-0.282577	452200	0.634744	2.22294	0	3.29656
22482825	9.68683	0.691916	2.52055	-0.300478	-0.22376	-0.15855	452400	0.634744	2.22294	0	2.79652
22483036	7.61108	2.44642	5.73302	-0.272348	0.0741604	0.437291	452600	0.634744	2.22294	0	2.83356
22483225	6.82032	0.271824	2.69353	0.0958971	0.34523	0.226317	452800	0.634744	2.22294	0	2.79652
22483428	10.6753	0.815473	2.89122	0.490993	0.0140649	0.0358016	453000	0.634744	2.22294	0	4.0744
22483626	8.05588	-0.0741339	6.3508	-0.421947	-0.556203	0.226317	453200	0.634744	2.22294	0	5.11152
22483825	6.32609	-0.271824	2.8418	0.336279	-0.0396375	-0.171336	453400	0.634744	2.22294	0	3.55584
22484025	11.4166	0.96374	4.99168	0.259562	0.0677673	0.010229	453600	0.634744	2.22294	0	4.20404
22484233	7.48752	0.469514	3.21247	1.3937	0.213531	0.393817	453800	0.634744	2.22294	0	4.09292
22484434	8.89606	0.444803	2.59469	-0.401489	-0.0140649	-0.13937	454000	0.634744	2.22294	0	3.241
22484631	10.4529	0.617782	7.09214	0.127863	0.375917	-0.296642	454200	0.634744	2.22294	0	4.77816
22484829	6.3508	0.617782	3.21247	-0.0971757	0.204581	-0.269791	454400	0.634744	2.22294	0	3.92624
22485029	9.06904	0.172979	3.55843	-0.25189	-0.089504	-0.141928	454600	0.634744	2.22294	0	3.00024
22485229	7.90761	2.27344	6.32609	-0.888647	0.109962	0.235268	454800	0.634744	2.22294	0	3.9818
22485434	6.82032	0.56836	3.18776	0.299199	0.0754391	0.222481	455000	0.634744	2.22294	0	3.50028
22485630	10.7494	0.642494	3.63256	0.0460306	-0.00383588	-0.101012	455200	0.634744	2.22294	0	3.44472
22485829	7.6605	-0.123556	7.04272	-1.25433	-0.437291	0.162386	455400	0.634744	2.22294	0	4.14848
22486030	7.04272	-0.0741339	3.26189	0.148321	-0.176451	-0.122748	455600	0.634744	2.22294	0	3.1484
22486229	11.4907	1.60623	4.05265	0.208416	-0.179008	0.152157	455800	0.634744	2.22294	0	3.57436
22486433	8.08059	0.617782	3.43487	0.450077	0.202023	0.248054	456000	0.634744	2.22294	0	3.90772
22486630	8.03117	0.914318	3.08891	-0.319657	-0.231432	-0.0460306	456200	0.634744	2.22294	0	3.40768
22486830	10.2799	1.21085	6.69676	0.44752	0.254447	-0.115077	456400	0.634744	2.22294	0	4.59296
22487029	6.64734	0.518937	2.34757	-0.136813	0.237825	-0.253168	456600	0.634744	2.22294	0	3.7966
22487230	10.3046	0.864895	2.89122	-0.467978	0.127863	-0.0907826	456800	0.634745	2.22294	0	3.72252
22487434	7.61108	2.56997	6.89445	-0.492272	-0.300478	0.333722	457000	0.634745	2.22294	0	4.40776
22487626	6.17782	0.370669	2.99007	-0.526795	-0.104848	0.269791	457200	0.634745	2.22294	0	3.22248
22487826	11.4907	0.395381	2.99007	-0.304314	-0.269791	0.0537024	457400	0.634745	2.22294	0	3.81512
22488027	7.68521	0.0494226	3.95381	-0.200745	0.109962	-0.143206	457600	0.634745	2.22294	0	3.94476
22488228	7.93232	-0.0741339	2.47113	0.221203	-0.179008	-0.0626528	457800	0.634745	2.22294	0	3.38916
22488428	11.2931	0.494226	6.37551	0.877139	0.427062	0.0281298	458000	0.634745	2.22294	0	4.2596
22488623	7.19099	0.469514	2.44642	0.200745	0.375917	0.21481	458200	0.634745	2.22294	0	4.14848
22488823	9.29144	0.76605	2.69353	-0.147042	-0.118912	-0.209695	458400	0.634745	2.22294	0	4.14848
22489024	8.25357	0.444803	5.73302	-0.645707	0.06521	-0.212252	458600	0.634745	2.22294	0	5.33376
22489224	6.67205	0.840184	2.94064	-0.044752	0.0332443	-0.18668	458800	0.634745	2.22294	0	4.20404
22489428	10.8483	1.11201	3.55843	0.478207	-0.107405	0.044752	459000	0.634745	2.22294	0	3.7966
22489626	7.98175	1.72979	4.3739	-0.0140649	-0.181565	0.22376	459200	0.634745	2.22294	0	4.29664
22489828	7.06743	0.296535	2.22402	-0.147042	-0.248054	0.154714	459400	0.634745	2.22294	0	3.62992
22490027	12.8746	1.80392	5.53533	0.712196	0.0984544	0.10229	459600	0.634745	2.22294	0	4.57444
22490224	7.31454	0.19769	2.59469	0.0140649	0.205859	-0.368245	459800	0.634745	2.22294	0	4.22256
22490424	9.04433	0.296535	3.11362	0.109962	-0.0869467	-0.0805536	460000	0.634745	2.22294	0	3.64844
22490623	8.1053	2.69353	5.38706	-0.6521	0.34523	0.0664887	460200	0.634745	2.22294	0	4.33368
22490823	6.02955	0.321247	2.99007	-0.00383588	0.054981	0.381031	460400	0.634745	2.22294	0	3.5188
22491024	11.812	0.716627	2.94064	0.222481	-0.159829	-0.0779963	460600	0.634745	2.22294	0	3.38916
22491221	8.87135	0.56836	4.25034	-0.00511451	0.0421947	-0.00767177	460800	0.634745	2.22294	0	4.94484
22491425	7.85819	0.0494226	2.17459	0.125306	-0.154714	-0.108683	461000	0.634745	2.22294	0	3.37064
22491632	10.527	1.87806	5.63417	0.337558	0.704524	-0.117634	461200	0.634745	2.22294	0	3.85216
22491824	7.01801	0.148268	2.52055	0.358016	0.420669	0.0843895	461400	0.634745	2.22294	0	3.12988
22492023	9.81038	1.03787	3.45958	-0.194351	-0.124027	-0.1496	461600	0.634745	2.22294	0	3.25952
22492228	7.98175	0.370669	5.75773	-0.730097	-0.465421	-0.120191	461800	0.634745	2.22294	0	4.20404
22492431	6.89445	0.988452	3.0642	0.112519	-0.089504	-0.226317	462000	0.634745	2.22294	0	3.01876
22492629	10.5023	2.10046	2.99007	0.368245	-0.26084	0.295363	462200	0.634745	2.22294	0	3.44472
22492839	7.41339	1.70508	2.99007	0.412997	0.0485879	0.258283	462400	0.634745	2.22294	0	3.46324
22493026	7.70992	0.593071	2.76766	-0.430898	-0.19563	0.0191794	462600	0.634745	2.22294	0	3.40768
22493229	11.6143	2.02633	6.5732	0.0127863	0.226317	0.0153435	462800	0.634745	2.22294	0	3.90772
22493430	6.99329	0.864895	2.29815	-0.00639314	0.372081	-0.257004	463000	0.634745	2.22294	0	4.3522
22493628	8.77251	0.518937	2.71824	-0.0485879	-0.194351	0.0703246	463200	0.634745	2.22294	0	4.40776
22493828	9.46442	2.96535	6.44965	-0.415554	1.03057	-0.415554	463400	0.634745	2.22294	0	4.5374
22494029	6.86974	1.21085	2.42171	0.39126	0.273626	0.0984544	463600	0.634745	2.22294	0	4.11144
22494229	9.36558	0.889606	2.44642	-0.117634	-0.118912	-0.0242939	463800	0.634745	2.22294	0	4.03736
22494433	8.69837	1.11201	6.3508	-0.478207	-0.290249	-0.0741604	464000	0.634745	2.22294	0	3.57436
22494629	6.44965	0.76605	3.01478	0.106126	-0.0575383	-0.19563	464200	0.634745	2.22294	0	3.68548
22494828	11.2189	2.24873	3.509	0.389982	-0.271069	0.421947	464400	0.634745	2.22294	0	4.2596
22495032	8.05588	1.35912	2.71824	0.143206	-0.0958971	0.216088	464800	0.634745	2.22294	0	3.7966
22495440	9.6374	1.82864	5.56004	0.732654	0.485879	-0.429619	465000	0.634745	2.22294	0	4.167
22495629	6.67205	0.96374	2.24873	0.196909	0.127863	-0.327329	465200	0.634745	2.22294	0	3.66696
22495838	10.2305	1.40854	2.94064	-0.0677673	0.0639314	-0.155993	465400	0.634745	2.22294	0	3.6114
22496027	8.17944	3.2866	4.29976	-1.2684	0.401489	-0.226317	465600	0.634745	2.22294	0	3.50028
22496227	7.04272	0.370669	2.32286	-0.303035	0.255726	0.0396375	465800	0.634746	2.22294	0	3.37064
22496430	10.0575	0.593071	3.16304	-0.574104	-0.0409161	-0.269791	466000	0.634746	2.22294	0	3.40768
22496627	8.62424	0.0988452	6.1284	-1.70825	-0.237825	-0.542138	466200	0.634746	2.22294	0	3.37064
22496827	7.4381	0.148268	3.90438	-1.04336	-0.304314	-0.525516	466400	0.634746	2.22294	0	3.35212
22497027	9.83509	1.68037	3.80554	-1.10729	-0.170058	-0.28897	466600	0.634746	2.22294	0	3.3336
22497226	7.78406	1.13672	4.22563	-1.25433	-0.228874	-0.0779963	466800	0.634746	2.22294	0	3.29656
22497429	7.95703	1.82864	3.13833	-0.993494	0.115077	-0.216088	467000	0.634746	2.22294	0	3.27804
22497623	11.7873	1.70508	3.83025	-0.329886	-0.537024	0.0306871	467200	0.634746	2.22294	0	3.59288
22497823	6.96858	0.271824	4.74457	-0.209695	-0.310707	-0.0127863	467400	0.634746	2.22294	0	3.18544
22498024	7.4381	0.395381	2.6194	0.272348	-0.335001	-0.112519	467600	0.634746	2.22294	0	3.1484
22498227	11.1942	2.52055	2.8418	0.809372	-0.441127	0.140649	467800	0.634746	2.22294	0	3.22248
22498431	7.46281	1.18614	2.42171	0.351623	0.349066	0.230153	468000	0.634746	2.22294	0	3.29656
22498627	8.87135	1.26028	2.12517	-0.292806	-0.00511451	0.0575383	468200	0.634746	2.22294	0	3.3336
22498827	10.2552	1.21085	6.67205	0.860517	0.213531	-0.148321	468400	0.634746	2.22294	0	2.98172
22499026	7.24041	0.815473	2.89122	0.286413	0.45647	-0.370802	468600	0.634746	2.22294	0	3.0558
22499237	11.3178	0.444803	3.68198	-0.436012	-0.00127863	-0.209695	468800	0.634746	2.22294	0	3.1484
22499426	6.52378	2.6194	4.74457	-1.07916	0.0639314	-0.217367	469000	0.634746	2.22294	0	2.61132
22499624	6.37551	0.469514	2.44642	0.268512	0.373359	0.304314	469200	0.634746	2.22294	0	2.61132
22499826	11.7379	0.939029	2.79238	0.054981	-0.191794	0.089504	469400	0.634746	2.22294	0	2.70392
22500027	8.08059	0.296535	4.42332	-0.208416	-0.216088	-0.0562596	469600	0.634746	2.22294	0	2.70392
22500226	6.86974	0.0247113	2.1993	0.490993	-0.196909	-0.0255726	469800	0.634746	2.22294	0	2.778
22500441	11.7873	2.17459	6.37551	1.15077	0.464142	-0.06521	470000	0.634746	2.22294	0	2.8706
22500626	7.68521	0.395381	2.05104	0.636757	0.381031	0.236546	470200	0.634746	2.22294	0	2.8706
22500827	9.24202	1.13672	1.9769	-0.383588	-0.320936	-0.0933399	470400	0.634746	2.22294	0	2.9632
22501027	9.21731	0.494226	5.31293	-0.883532	-0.221203	-0.00383588	470600	0.634746	2.22294	0	2.94468
22501228	6.69676	0.56836	2.81709	-0.0115077	-0.0613742	-0.23271	470800	0.634746	2.22294	0	2.8706
22501431	11.0212	1.50739	3.13833	0.189237	-0.138092	0.153435	471000	0.634746	2.22294	0	2.85208
22501629	7.68521	1.5321	4.76928	0.479486	-0.0294084	0.294084	471200	0.634746	2.22294	0	2.79652
22501841	7.56165	0.593071	2.74295	-0.360573	-0.162386	0.184122	471400	0.634746	2.22294	0	2.778
22502030	11.5402	1.70508	7.28983	0.817043	0.58689	-0.233989	471600	0.634746	2.22294	0	2.46316
22502229	6.99329	0.345958	3.36074	0.0140649	0.13937	-0.356737	471800	0.634746	2.22294	0	1.98164
22502438	8.94549	0.469514	2.99007	-0.259562	-0.171336	-0.154714	472000	0.634746	2.22294	0	1.9446
22502640	7.63579	2.52055	6.27667	-0.480764	0.0971757	0.115077	472200	0.634746	2.22294	0	1.852
22502828	6.44965	0.716627	3.01478	-0.181565	0.164943	0.176451	472400	0.634746	2.22294	0	1.852
22503025	10.2799	0.790761	3.03949	0.15855	-0.159829	-0.0396375	472600	0.634746	2.22294	0	1.90756
22503225	8.59953	1.40854	6.02955	-0.74544	-0.319657	0.103569	472800	0.634746	2.22294	0	1.92608
22503429	6.67205	0.19769	2.89122	-0.285134	-0.237825	-0.0792749	473000	0.634746	2.22294	0	1.90756
22503625	12.0097	2.49584	3.63256	1.02546	-0.228874	0.242939	473200	0.634746	2.22294	0	1.9446
22503827	7.38868	1.35912	3.16304	-0.286413	-0.00383588	0.13042	473400	0.634746	2.22294	0	1.9446
22504026	8.37713	0.543648	2.34757	-0.593283	-0.106126	-0.0984544	473600	0.634746	2.22294	0	1.92608
22504227	10.0081	1.48268	6.20253	-0.157271	0.567711	-0.242939	473800	0.634746	2.22294	0	1.98164
22504440	6.30138	0.716627	2.79238	-0.38231	0.0958971	-0.309428	474000	0.634746	2.22294	0	2.33352
22504630	10.0822	1.11201	3.43487	0.171336	-0.0370802	-0.127863	474200	0.634746	2.22294	0	2.38908
22504825	8.13001	3.23718	5.16466	-0.621413	0.132977	0.0639314	474400	0.634746	2.22294	0	2.35204
22505026	6.82032	0.395381	2.56997	-0.324772	0.0537024	0.267233	474600	0.634746	2.22294	0	2.38908
22505236	11.9356	1.45797	2.71824	-0.126584	-0.47565	0.181565	474800	0.634746	2.22294	0	2.44464
22505430	8.17944	0.790761	3.87967	-0.291527	-0.104848	0.262119	475000	0.634746	2.22294	0	2.4076
22505630	7.90761	0.96374	2.22402	0.103569	-0.282577	0.00383588	475200	0.634747	2.22294	0	2.48168
22505827	11.0212	2.1993	5.18937	0.918055	0.360573	-0.0843895	475400	0.634747	2.22294	0	2.46316
22506025	7.93232	0.790761	2.34757	0.747998	0.351623	0.122748	475600	0.634747	2.22294	0	2.4076
22506227	9.48913	0.716627	2.47113	-0.0818322	-0.0639314	-0.044752	475800	0.634747	2.22294	0	2.4076
22506431	8.30299	0.914318	4.49745	-0.589448	0.255726	-0.228874	476000	0.634747	2.22294	0	2.4076
22506627	6.94387	0.76605	2.66882	-0.459028	0.389982	-0.375917	476200	0.634747	2.22294	0	2.4076
22506837	10.6753	1.58152	3.16304	0.129141	-0.0626528	-0.0779963	476400	0.634747	2.22294	0	2.48168
22507025	7.48752	3.08891	5.88129	0.0792749	-0.218645	0.319657	476600	0.634747	2.22294	0	1.96312
22507226	6.69676	1.33441	2.76766	-0.369524	-0.0933399	0.181565	476800	0.634747	2.22294	0	2.09276
22507430	11.8367	2.24873	5.01639	0.544696	-0.236546	-0.22376	477000	0.634747	2.22294	0	2.07424
22507626	7.70992	1.3097	3.11362	0.464142	0.296642	-0.416833	477200	0.634747	2.22294	0	2.00016
22507824	9.09375	0.370669	2.07575	-0.00383588	-0.338836	0.00383588	477400	0.634747	2.22294	0	1.98164
22508021	10.6753	2.74295	5.43648	0.120191	0.372081	-0.285134	477600	0.634747	2.22294	0	1.98164
22508224	7.70992	0.988452	1.82864	0.716032	-0.00767177	0.22376	477800	0.634747	2.22294	0	1.9446
22508426	9.8598	1.23556	2.76766	-0.212252	-0.258283	-0.125306	478000	0.634747	2.22294	0	1.96312
22508623	8.82193	1.21085	5.48591	-0.383588	-0.148321	0.13042	478200	0.634747	2.22294	0	2.01868
22508820	6.86974	1.13672	2.74295	0.00127863	-0.089504	-0.122748	478400	0.634747	2.22294	0	2.38908
22509021	11.0707	2.05104	2.44642	0.0920612	-0.0639314	0.0255726	478600	0.634747	2.22294	0	2.51872
22509222	8.1053	2.37228	3.85496	0.13937	-0.112519	0.264676	478800	0.634747	2.22294	0	2.46316
22509427	7.75934	1.3097	2.02633	-0.28002	-0.239103	0.0575383	479000	0.634747	2.22294	0	3.01876
22509623	11.5155	3.01478	6.52378	0.320936	0.202023	-0.22376	479200	0.634747	2.22294	0	2.90764
22509824	7.2157	0.914318	2.79238	-0.0204581	0.271069	-0.416833	479400	0.634747	2.22294	0	2.90764
22510022	9.51385	0.988452	2.64411	0.0818322	-0.21481	-0.0485879	479600	0.634747	2.22294	0	3.55584
22510233	8.17944	3.80554	4.91755	-0.448799	0.228874	0.277462	479800	0.634747	2.22294	0	3.0558
22510427	6.59791	1.38383	2.27344	-0.36313	0.162386	0.18668	480000	0.634747	2.22294	0	3.6114
22510626	10.8235	1.28499	2.69353	-0.155993	0.0716032	0.0626528	480200	0.634747	2.22294	0	3.62992
22510828	8.69837	2.00161	5.56004	-0.654658	-0.409161	0.248054	480400	0.634747	2.22294	0	2.92616
22511025	6.91916	0.864895	2.6194	0.281298	-0.115077	0.0089504	480600	0.634747	2.22294	0	2.92616
22511225	10.4282	1.3097	2.8418	-0.044752	-0.278741	0.054981	480800	0.634747	2.22294	0	2.8706
22511429	8.35242	1.80392	3.90438	0.883532	0.112519	0.136813	481000	0.634747	2.22294	0	2.25944
22511625	7.56165	1.03787	1.68037	-0.242939	-0.162386	0.124027	481200	0.634747	2.22294	0	2.33352
22511827	12.2074	0.0988452	2.17459	1.40905	-0.466699	0.06521	481400	0.634747	2.22294	0	2.64836
22512026	8.05588	1.21085	2.96535	-0.210974	0.189237	-0.162386	481600	0.634747	2.22294	0	2.64836
22512226	8.05588	0.593071	2.37228	-0.108683	-0.248054	-0.0230153	481800	0.634747	2.22294	0	2.94468
22512428	10.6753	2.42171	5.01639	-0.10229	0.222481	0.0358016	482000	0.634747	2.22294	0	2.9632
22512625	8.13001	0.642494	2.52055	-0.32605	0.107405	0.0358016	482200	0.634747	2.22294	0	2.8706
22512826	8.79722	0.444803	2.17459	-0.681509	-0.155993	-0.15855	482400	0.634747	2.22294	0	3.4262
22513026	8.92078	0.543648	4.67043	-1.05615	0.140649	-0.416833	482600	0.634747	2.22294	0	2.75948
22513226	7.68521	-0.296535	3.7314	-1.14054	0.0434734	-0.520402	482800	0.634747	2.22294	0	2.8706
22513429	9.95865	1.11201	4.00323	-1.21981	-0.278741	-0.548532	483000	0.634747	2.22294	0	3.704
22513625	7.4381	3.13833	5.31293	-0.856681	-0.464142	0.0843895	483200	0.634747	2.22294	0	1.83348
22513827	6.5732	1.06259	2.86651	-1.05487	-0.0907826	-0.0856681	483400	0.634747	2.22294	0	2.11128
22514036	10.873	2.14988	3.13833	-0.791471	-0.480764	-0.0179008	483600	0.634747	2.22294	0	2.20388
22514225	7.83348	0.395381	4.74457	-0.769734	0.0140649	0.0716032	483800	0.634747	2.22294	0	2.27796
22514428	8.17944	0.444803	2.66882	-0.39126	-0.23271	-0.0971757	484000	0.634747	2.22294	0	2.29648
22514624	11.0954	2.37228	4.84341	0.682787	-0.124027	0.127863	484200	0.634747	2.22294	0	2.27796
22514824	7.51223	0.914318	2.1993	0.0779963	0.226317	0.0217367	484400	0.634747	2.22294	0	2.24092
22515025	8.69837	1.45797	1.5321	-0.282577	-0.1675	0.0741604	484600	0.634747	2.22294	0	2.2224
22515226	9.26673	1.45797	4.22563	0.010229	0.389982	-0.355459	484800	0.634747	2.22294	0	2.24092
22515428	7.6605	1.23556	2.24873	0.0268512	0.36313	-0.478207	485000	0.634747	2.22294	0	2.25944
22515624	10.3293	1.87806	2.71824	-0.0537024	-0.208416	-0.0153435	485200	0.634747	2.22294	0	2.33352
22515825	7.90761	3.80554	4.49745	-0.107405	-0.230153	0.360573	485400	0.634747	2.22294	0	2.33352
22516025	7.01801	1.48268	2.17459	-0.271069	0.0268512	0.257004	485600	0.634747	2.22294	0	2.35204
22516235	11.8367	2.397	2.66882	0.640593	-0.510173	0.0409161	485800	0.634747	2.22294	0	2.29648
22516429	7.95703	0.444803	2.47113	0.324772	0.131699	0.131699	486000	0.634747	2.22294	0	2.2224
22516628	8.35242	0.815473	1.5321	-0.0575383	-0.323493	-0.0281298	486200	0.634747	2.22294	0	2.18536
22516826	10.9718	2.47113	4.02794	1.01907	0.263397	-0.125306	486400	0.634747	2.22294	0	2.24092
22517036	7.48752	0.889606	1.68037	0.175172	0.384867	0.00639314	486600	0.634747	2.22294	0	2.29648
22517226	9.73625	1.13672	1.77921	-0.1675	-0.0191794	-0.0511451	486800	0.634747	2.22294	0	2.83356
22517429	7.75934	0.889606	4.69514	-0.551089	-0.044752	-0.171336	487000	0.634747	2.22294	0	2.85208
22517625	6.20253	1.21085	2.37228	0.0179008	-0.0179008	-0.18668	487200	0.634747	2.22294	0	3.94476
22517824	10.6506	2.37228	2.02633	0.246775	-0.0754391	0.0767177	487400	0.634747	2.22294	0	4.09292
22518025	7.46281	2.17459	3.45958	0.198187	-0.0524238	0.329886	487600	0.634747	2.22294	0	3.01876
22518224	7.83348	1.55681	2.32286	-0.28002	-0.283855	0.226317	487800	0.634747	2.22294	0	3.9818
22518427	11.3919	2.54526	5.43648	-0.113798	-0.103569	-0.0677673	488000	0.634747	2.22294	0	2.9632
22518624	7.16627	1.16143	2.22402	-0.150878	0.285134	-0.28002	488200	0.634747	2.22294	0	2.90764
22518834	9.04433	1.18614	2.42171	0.0728818	-0.00127863	-0.0166222	488400	0.634747	2.22294	0	4.42628
22519024	8.25357	3.43487	4.52217	-0.393817	0.595841	-0.177729	488600	0.634747	2.22294	0	3.40768
22519223	6.67205	1.21085	2.27344	-0.00511451	0.342672	0.099733	488800	0.634747	2.22294	0	3.40768
22519430	10.873	1.48268	2.37228	0.0485879	-0.254447	-0.0818322	489000	0.634747	2.22294	0	3.5188
22519626	8.62424	2.02633	4.79399	-0.373359	-0.337558	0.166222	489200	0.634747	2.22294	0	3.40768
22519826	6.99329	0.988452	2.47113	0.0575383	-0.0728818	-0.109962	489400	0.634747	2.22294	0	3.96328
22520025	11.4413	2.86651	2.02633	0.599677	-0.278741	0.0946185	489600	0.634747	2.22294	0	3.50028
22520225	7.61108	2.12517	2.14988	0.427062	-0.0409161	0.0588169	489800	0.634747	2.22294	0	2.53724
22520428	7.90761	1.72979	1.43325	-0.277462	-0.0728818	0.152157	490000	0.634747	2.22294	0	3.03728
22520636	10.0328	2.66882	4.76928	-0.227596	0.439848	-0.470535	490200	0.634747	2.22294	0	2.5928
22520826	6.7956	1.21085	1.5321	0.0690459	0.242939	-0.378474	490400	0.634747	2.22294	0	2.66688
22521035	10.1811	2.12517	1.92748	0.0946185	0.28897	-0.0754391	490600	0.634747	2.22294	0	2.778
22521225	7.95703	4.02794	4.67043	-0.537024	-0.173893	-0.107405	490800	0.634747	2.22294	0	2.81504
22521429	6.27667	1.11201	1.90277	-0.25189	0.0396375	0.248054	491000	0.634747	2.22294	0	2.92616
22521637	11.7132	2.59469	2.17459	0.0268512	-0.501222	0.127863	491200	0.634747	2.22294	0	3.4262
22521824	8.27828	1.60623	2.91593	0.26084	0.164943	-0.0166222	491400	0.634747	2.22294	0	2.85208
22522025	7.51223	1.68037	1.72979	0.0434734	-0.0115077	-0.0204581	491600	0.634747	2.22294	0	3.87068
22522225	12.2074	3.23718	3.87967	0.287691	-0.0524238	0.311985	491800	0.634747	2.22294	0	3.20396
22522428	8.03117	1.87806	1.50739	0.588169	0.0434734	-0.218645	492000	0.634747	2.22294	0	2.62984
22522626	8.89606	1.3097	0.939029	-0.140649	-0.271069	0.0754391	492200	0.634747	2.22294	0	3.16692
22522826	9.26673	2.96535	3.58314	-0.392539	-0.104848	-0.111241	492400	0.634747	2.22294	0	3.16692
22523025	6.77089	1.60623	1.38383	-0.0524238	0.187958	-0.306871	492600	0.634747	2.22294	0	3.18544
22523229	10.1563	2.69353	2.71824	-0.0843895	-0.0434734	0.00511451	492800	0.634747	2.22294	0	3.57436
22523430	8.17944	3.13833	4.05265	-0.406604	0.528073	0.0204581	493000	0.634747	2.22294	0	2.81504
22523638	7.31454	1.55681	2.10046	-0.0690459	0.131699	0.198187	493200	0.634747	2.22294	0	3.16692
22523827	11.0459	2.52055	2.07575	-0.153435	-0.444963	0.204581	493400	0.634746	2.22294	0	3.20396
22524025	8.15473	1.87806	3.83025	-0.626528	0.172615	-0.129141	493600	0.634746	2.22294	0	2.85208
22524235	8.15473	1.0873	2.1993	0.00767177	0.162386	-0.213531	493800	0.634746	2.22294	0	3.57436
22524428	10.873	3.48429	3.68198	0.175172	-0.604791	0.222481	494000	0.634746	2.22294	0	2.83356
22524626	8.62424	1.55681	1.80392	0.439848	0.0127863	0.0434734	494200	0.634746	2.22294	0	2.79652
22524824	9.46442	1.13672	1.03787	-0.933399	0.118912	0.189237	494400	0.634746	2.22294	0	3.7966
22525024	8.69837	2.29815	2.86651	-0.226317	-0.272348	-0.109962	494600	0.634746	2.22294	0	3.07432
22525224	6.49907	1.48268	1.45797	0.179008	0.182844	-0.497386	494800	0.634746	2.22294	0	3.704
22525429	10.6506	2.66882	1.87806	0.258283	0.153435	-0.107405	495000	0.634746	2.22294	0	3.7966
22525625	8.7478	3.38545	3.75612	0.281298	0.140649	0.537024	495200	0.634746	2.22294	0	3.12988
22525839	7.36396	1.63095	1.45797	0.370802	0.00639314	0.0664887	495400	0.634746	2.22294	0	3.66696
22526026	10.9224	2.1993	1.50739	0.328607	-0.335001	0.147042	495600	0.634746	2.22294	0	3.53732
22526224	8.05588	1.77921	2.69353	-0.57794	0.216088	-0.277462	495800	0.634746	2.22294	0	3.12988
22526428	8.30299	1.23556	1.16143	0.171336	-0.0460306	-0.0358016	496000	0.634746	2.22294	0	3.22248
22526626	10.1811	3.45958	3.33602	0.245497	0.239103	-0.277462	496200	0.634746	2.22294	0	3.18544
22526823	7.63579	1.68037	1.40854	0.0831108	0.237825	-0.106126	496400	0.634746	2.22294	0	3.11136
22527035	9.09375	2.37228	1.68037	-0.194351	-0.034523	-0.101012	496600	0.634746	2.22294	0	3.1484
22527234	8.50068	2.42171	4.54688	-0.375917	-0.0946185	0.0204581	496800	0.634746	2.22294	0	3.12988
22527428	7.2157	1.77921	2.24873	-0.0332443	0.0741604	-0.294084	497000	0.634746	2.22294	0	2.51872
22527625	10.7988	2.64411	2.24873	0.455192	0.0179008	0.143206	497200	0.634746	2.22294	0	2.2224
22527835	7.16627	3.18776	2.71824	-0.193073	0.0907826	0.116355	497400	0.634746	2.22294	0	2.14832
22528025	7.90761	2.10046	2.397	-0.315821	0.0485879	0.0089504	497600	0.634746	2.22294	0	2.14832
22528224	10.4529	2.1993	1.9769	-0.301756	-0.476928	0.202023	497800	0.634746	2.22294	0	2.25944
22528428	7.78406	2.27344	3.16304	-0.285134	0.0498665	-0.0524238	498000	0.634746	2.22294	0	2.29648
22528624	8.22886	1.77921	2.44642	0.143206	-0.0767177	-0.148321	498200	0.634746	2.22294	0	2.33352
22528825	10.2305	2.86651	1.9769	0.221203	-0.286413	0.101012	498400	0.634746	2.22294	0	2.35204
22529025	7.95703	2.99007	3.0642	-0.248054	0.00255726	0.370802	498600	0.634746	2.22294	0	2.35204
22529225	7.8829	1.63095	2.24873	0.0933399	0.0089504	0.170058	498800	0.634746	2.22294	0	2.33352
22529428	9.93394	2.02633	2.02633	-0.153435	-0.15855	0.044752	499000	0.634746	2.22294	0	2.35204
22529626	8.17944	2.10046	3.23718	0.0562596	-0.145764	-0.129141	499200	0.634746	2.22294	0	2.35204
22529826	8.55011	1.7545	2.14988	0.278741	0.103569	-0.267233	499400	0.634746	2.22294	0	2.33352
22530025	9.61269	2.17459	2.47113	0.196909	-0.0498665	0.0575383	499600	0.634746	2.22294	0	2.33352
22530226	8.17944	5.18937	4.00323	-0.124027	0.191794	0.756948	499800	0.634746	2.22294	0	2.315
22530429	8.55011	2.12517	2.69353	-0.0166222	0.290249	-0.152157	500000	0.634746	2.22294	0	2.27796
22530631	8.87135	2.6194	2.59469	-0.212252	-0.15855	-0.122748	500200	0.634746	2.22294	0	2.25944
22530825	8.40184	2.54526	2.37228	-0.118912	-0.0588169	-0.0179008	500400	0.634746	2.22294	0	2.2224
22531026	8.55011	2.24873	2.29815	-0.170058	0.106126	-0.166222	500600	0.634746	2.22294	0	2.16684
22531221	8.94549	2.91593	2.71824	-0.0498665	0.0716032	-0.0179008	500800	0.634746	2.22294	0	1.2964
22531427	8.69837	2.64411	2.66882	-0.00511451	0.0204581	-0.0255726	501000	0.634746	2.22294	0	1.22232
22531625	8.35242	2.74295	2.64411	-0.00127863	-0.034523	0.113798	501200	0.634746	2.22294	0	0.48152
22531824	8.50068	2.07575	2.44642	-0.0383588	-0.126584	0.0396375	501400	0.634746	2.22294	0	0.33336
