21723870	-1.68037	1.68037	10.1316	-0.00767177	-0.00127863	0.00767177	3293400	0.634747	2.22293	0	0.14816
21724027	-1.72979	1.82864	10.1069	-0.00767177	0.0524238	-0.00639314	3293600	0.634747	2.22293	0	0.16668
21724229	-1.82864	1.26028	10.2305	-0.0409161	0.0639314	0.0204581	3293800	0.634747	2.22293	0	0.20372
21724429	-1.33441	1.65566	9.58798	-0.0370802	-0.0869467	0.0242939	3294000	0.634747	2.22293	0	0.40744
21724628	-1.18614	1.82864	10.5517	0.264676	0.0179008	-0.0511451	3294200	0.634747	2.22293	0	0.53708
21724838	-0.96374	1.58152	10.3293	-0.173893	0.0882253	-0.240382	3294400	0.634747	2.22293	0	0.62968
21725027	-1.80392	1.23556	10.7741	-0.21481	0.0882253	-0.257004	3294600	0.634747	2.22293	0	0.88896
21725227	-2.34757	1.95219	9.98336	-0.0140649	-0.281298	-0.0191794	3294800	0.634747	2.22293	0	1.03712
21725430	-1.80392	1.28499	8.40184	0.189237	0.0971757	0.191794	3295000	0.634747	2.22293	0	1.33344
21725626	-2.17459	1.82864	10.7988	-0.0831108	0.0409161	0.341394	3295200	0.634747	2.22293	0	1.6668
21725827	-1.38383	2.24873	10.2305	0.120191	0.200745	0.393817	3295400	0.634747	2.22293	0	1.77792
21726026	-0.667205	0.19769	9.1926	-0.324772	-0.209695	0.112519	3295600	0.634747	2.22293	0	1.88904
21726225	-0.889606	2.00161	9.71154	-0.268512	0.202023	-0.342672	3295800	0.634747	2.22293	0	2.9632
21726429	-2.07575	2.81709	11.6637	0.924448	0.244218	0.225039	3296000	0.634746	2.22293	0	3.44472
21726624	-1.80392	0.840184	8.89606	0.265955	-0.173893	0.101012	3296200	0.634746	2.22293	0	3.44472
21726824	-1.58152	0.345958	10.354	-0.343951	-0.0537024	0.0779963	3296400	0.634746	2.22293	0	4.22256
21727024	-1.33441	4.1515	11.0954	0.452634	0.19563	0.127863	3296600	0.634746	2.22293	0	3.38916
21727224	-0.96374	0.593071	8.47597	-0.0383588	-0.0281298	0.0805536	3296800	0.634746	2.22293	0	4.01884
21727428	-1.0873	0.518937	11.1942	-0.0460306	0.0741604	-0.12147	3297000	0.634746	2.22293	0	5.31524
21727624	-2.17459	2.89122	8.77251	0.212252	-0.184122	-0.107405	3297200	0.634746	2.22293	0	4.24108
21727825	-0.691916	0.444803	8.25357	0.0690459	-0.150878	-0.010229	3297400	0.634746	2.22293	0	5.07448
21728025	-1.3097	-0.271824	13.2947	-0.359295	0.210974	0.283855	3297600	0.634746	2.22293	0	5.03744
21728224	0.0494226	3.01478	10.2305	0.089504	-0.254447	0.300478	3297800	0.634746	2.22293	0	3.40768
21728427	-0.593071	1.11201	8.72308	-0.159829	0.173893	-0.125306	3298000	0.634746	2.22293	0	4.3522
21728626	-1.70508	1.23556	14.209	-0.707081	0.198187	-0.199466	3298200	0.634746	2.22293	0	4.2596
21728838	-1.58152	1.01316	9.58798	0.383588	-0.264676	0.06521	3298400	0.634746	2.22293	0	3.48176
21729025	-1.23556	0.172979	9.46442	-0.172615	-0.0779963	0.0882253	3298600	0.634746	2.22293	0	4.77816
21729224	-1.21085	4.00323	13.0476	0.228874	0.202023	0.0319657	3298800	0.634746	2.22293	0	4.75964
21729430	-0.642494	2.02633	9.46442	-0.00511451	-0.101012	0.294084	3299000	0.634746	2.22293	0	3.64844
21729626	-0.939029	1.45797	10.2799	-0.204581	0.0767177	-0.136813	3299200	0.634746	2.22293	0	4.55592
21729837	-0.864895	3.38545	9.56327	0.466699	0.19563	0.0537024	3299400	0.634746	2.22293	0	4.42628
21730036	-0.889606	0.321247	8.59953	0.0779963	-0.282577	-0.0958971	3299600	0.634746	2.22293	0	4.09292
21730227	-1.43325	1.3097	12.0591	-0.191794	0.0869467	-0.044752	3299800	0.634746	2.22293	0	5.11152
21730440	-0.395381	3.45958	9.76096	-0.144485	-0.0498665	-0.112519	3300000	0.634746	2.22293	0	3.9818
21730628	-0.741339	1.3097	8.03117	-0.190516	0.242939	-0.0728818	3300200	0.634746	2.22293	0	4.42628
21730826	-1.58152	0.790761	13.5171	-0.60607	0.0511451	-0.106126	3300400	0.634746	2.22293	0	4.50036
21731036	-1.77921	1.16143	9.29144	0.0281298	-0.300478	-0.0370802	3300600	0.634746	2.22293	0	3.83364
21731237	-1.11201	0.864895	10.0081	-0.115077	-0.00511451	0.103569	3300800	0.634746	2.22293	0	4.88928
21731429	-1.03787	5.43648	12.5286	0.840059	0.235268	0.0626528	3301000	0.634746	2.22293	0	4.8152
21731630	-1.35912	0.56836	8.35242	-0.0818322	0.144485	0.207138	3301200	0.634746	2.22293	0	3.9818
21731826	-0.939029	1.55681	11.2436	0.0613742	-0.10229	-0.221203	3301400	0.634746	2.22293	0	4.98188
21732027	-1.95219	3.97852	8.87135	-0.0498665	-0.163664	-0.331165	3301600	0.634746	2.22293	0	3.77808
21732227	-0.617782	0.741339	7.61108	0.0370802	-0.150878	-0.0524238	3301800	0.634746	2.22293	0	4.63
21732440	-0.988452	0.395381	13.3688	-0.379753	0.103569	0.1675	3302000	0.634746	2.22293	0	5.40784
21732627	0.172979	4.00323	9.29144	-0.15855	-0.0153435	0.294084	3302200	0.634746	2.22293	0	3.90772
21732827	-0.518937	1.68037	8.69837	-0.144485	0.108683	-0.0115077	3302400	0.634746	2.22293	0	4.50036
21733025	-1.70508	4.1515	14.0113	0.0600955	0.592005	-0.285134	3302600	0.634745	2.22293	0	4.50036
21733226	-1.43325	0.345958	8.35242	0.153435	-0.436012	0.112519	3302800	0.634745	2.22293	0	3.94476
21733430	-1.11201	1.33441	11.6143	-0.23271	0.0332443	-0.0716032	3303000	0.634745	2.22293	0	5.48192
21733636	-0.469514	3.65727	9.04433	0.210974	-0.0958971	0.0434734	3303200	0.634745	2.22293	0	4.40776
21733829	-0.345958	0.741339	7.93232	-0.0882253	0.255726	-0.15855	3303400	0.634745	2.22293	0	4.3522
21734025	-1.23556	1.58152	14.0607	-0.175172	-0.0716032	-0.127863	3303600	0.634745	2.22293	0	4.85224
21734224	-1.3097	2.37228	9.51385	-0.571547	-0.0818322	-0.250611	3303800	0.634745	2.22293	0	3.53732
21734427	-0.691916	0.469514	9.56327	-0.0204581	-0.164943	0.0971757	3304000	0.634745	2.22293	0	5.4634
21734625	-1.48268	4.42332	13.1217	-0.125306	0.309428	0.1675	3304200	0.634745	2.22293	0	4.61148
21734825	-0.741339	0.889606	8.87135	0.388703	0.125306	0.338836	3304400	0.634745	2.22293	0	4.27812
21735025	-0.420092	1.0873	10.9471	-0.274905	0.0933399	-0.176451	3304600	0.634745	2.22293	0	5.2782
21735226	-2.1993	3.43487	9.06904	0.425783	0.185401	0.0332443	3304800	0.634745	2.22293	0	4.03736
21735429	-0.667205	0.617782	7.68521	0.0843895	-0.219924	-0.0537024	3305000	0.634745	2.22293	0	4.64852
21735627	-1.3097	0.345958	12.8499	-0.269791	0.168779	-0.115077	3305200	0.634745	2.22293	0	5.38932
21735830	0.0988452	3.26189	10.1563	-0.268512	-0.170058	0.0933399	3305400	0.634745	2.22293	0	3.6114
21736027	-0.321247	0.271824	7.36396	-0.0907826	0.230153	-0.06521	3305600	0.634745	2.22293	0	4.83372
21736226	-1.68037	1.55681	13.9372	-0.488436	0.262119	-0.19563	3305800	0.634745	2.22293	0	4.83372
21736430	-1.38383	0.543648	9.34087	0.349066	-0.00639314	-0.0089504	3306000	0.634745	2.22293	0	4.20404
21736629	-1.23556	0.0494226	10.4282	0.00511451	-0.089504	0.0767177	3306200	0.634745	2.22293	0	5.66712
21736825	-0.76605	4.27505	11.0954	0.602234	0.0626528	0.0984544	3306400	0.634745	2.22293	0	4.24108
21737025	-0.815473	0.271824	8.15473	0.0703246	0.383588	0.0268512	3306600	0.634745	2.22293	0	3.62992
21737224	-0.444803	0.444803	11.3672	-0.314543	-0.228874	0.0920612	3306800	0.634745	2.22293	0	5.01892
21737428	-1.77921	3.60785	8.42655	0.10229	0.0946185	-0.227596	3307000	0.634745	2.22293	0	3.75956
21737624	-1.01316	0.617782	8.67366	0.0869467	-0.0485879	-0.0217367	3307200	0.634745	2.22293	0	4.83372
21737825	-1.68037	3.26189	12.5533	0.126584	0.117634	-0.1496	3307400	0.634745	2.22293	0	4.77816
21738025	0.741339	3.16304	7.85819	-0.193073	-0.152157	-0.0933399	3307600	0.634745	2.22293	0	3.11136
21738224	-0.716627	0.716627	8.17944	0.0537024	0.166222	-0.134256	3307800	0.634745	2.22293	0	4.70408
21738427	-2.02633	4.47274	12.7757	0.127863	-0.0396375	-0.0191794	3308000	0.634745	2.22293	0	4.31516
21738623	-1.03787	0.593071	7.95703	0.0933399	-0.0843895	0.0230153	3308200	0.634745	2.22293	0	3.5188
21738824	-1.95219	0.642494	11.5896	-0.0907826	0.0958971	0.0639314	3308400	0.634745	2.22293	0	5.29672
21739025	0.123556	2.76766	9.09375	0.35418	0.0588169	0.153435	3308600	0.634744	2.22294	0	3.68548
21739227	-1.01316	0.716627	7.8829	-0.0409161	0.272348	-0.0831108	3308800	0.634744	2.22294	0	4.18552
21739428	-1.65566	1.38383	13.2453	-0.283855	-0.106126	-0.210974	3309000	0.634744	2.22294	0	4.75964
21739627	-2.12517	3.63256	9.53856	-0.341394	-0.255726	-0.507615	3309400	0.634744	2.22294	0	4.74112
21740025	-1.23556	0.271824	12.8004	-0.434734	0.124027	0.222481	3309600	0.634744	2.22294	0	4.63
21740226	-0.617782	3.41016	8.94549	-0.32605	-0.120191	0.204581	3309800	0.634744	2.22294	0	3.12988
21740429	-1.3097	1.58152	8.62424	0.108683	-0.0306871	-0.681509	3310000	0.634744	2.22294	0	4.01884
21740624	-2.02633	1.3097	12.0097	-0.494829	-0.140649	-1.06254	3310200	0.634744	2.22294	0	3.66696
21740834	-2.05104	2.24873	9.24202	0	-0.044752	-1.62642	3310400	0.634744	2.22294	0	2.64836
21741025	-1.06259	1.48268	9.06904	0.159829	-0.379753	-1.62769	3310600	0.634744	2.22294	0	2.2224
21741226	0.123556	0.889606	11.7873	-0.12147	-0.044752	-0.759505	3310800	0.634744	2.22294	0	2.778
21741432	-0.864895	1.63095	9.83509	0.0946185	0.191794	-0.466699	3311000	0.634744	2.22294	0	2.72244
21741628	-0.0988452	0.642494	10.1563	0.143206	-0.0933399	-0.511451	3311200	0.634744	2.22294	0	2.72244
21741831	-1.63095	2.02633	12.5286	-0.230153	-0.309428	-0.460306	3311400	0.634744	2.22294	0	3.92624
21742034	-1.01316	0.815473	8.50068	0.134256	-0.0153435	-0.166222	0	0	0	0	0
21742059	-0.96374	0.0494226	8.08059	0.175172	-0.0460306	-0.124027	3311600	0.634744	2.22294	0	3.11136
21742236	-1.16143	-0.0741339	10.9224	-0.0856681	-0.0255726	0.0767177	3311800	0.634744	2.22294	0	4.12996
21742440	-0.0988452	4.99168	12.2815	0.392539	-0.112519	0.219924	3312000	0.634744	2.22294	0	4.42628
21742637	-1.18614	0.889606	9.16789	0.35418	0.423226	0.189237	3312200	0.634744	2.22294	0	3.704
21742833	-1.03787	0.914318	10.354	-0.131699	-0.132977	-0.0473092	3312400	0.634744	2.22294	0	4.42628
21743029	-1.85335	4.29976	10.7741	0.911662	0.36313	-0.172615	3312600	0.634744	2.22294	0	4.33368
21743231	-1.16143	0.172979	8.30299	0.0294084	-0.352901	-0.199466	3312800	0.634744	2.22294	0	3.59288
21743437	-0.741339	-0.395381	13.2205	-0.452634	0.205859	0.125306	3313000	0.634744	2.22294	0	4.63
21743633	0.395381	2.69353	9.26673	-0.154714	-0.185401	0.124027	3313200	0.634744	2.22294	0	4.0744
21743834	-0.518937	1.28499	8.30299	-0.0882253	0.299199	0.0179008	3313400	0.634744	2.22294	0	4.12996
21744031	-1.48268	1.72979	12.1085	-0.0946185	-0.0882253	-0.125306	3313600	0.634744	2.22294	0	4.24108
21744230	-1.5321	1.55681	9.58798	0.089504	-0.250611	-0.0728818	3313800	0.634744	2.22294	0	4.12996
21744444	-0.76605	1.33441	10.1316	-0.287691	-0.0524238	0.099733	3314000	0.634744	2.22294	0	4.167
21744630	-0.76605	6.49907	11.466	0.71731	0.199466	-0.0946185	3314200	0.634745	2.22294	0	4.57444
21744833	-0.593071	1.3097	9.14318	0.235268	0.101012	0.0089504	3314400	0.634745	2.22294	0	4.167
21745027	-1.11201	2.02633	10.4282	-0.116355	-0.122748	-0.0869467	3314600	0.634745	2.22294	0	4.14848
21745228	-1.06259	4.12679	9.39029	0.286413	-0.111241	-0.111241	3314800	0.634745	2.22294	0	4.20404
21745431	-0.667205	1.80392	8.57482	-0.153435	-0.166222	-0.00511451	3315000	0.634745	2.22294	0	3.6114
21745629	-1.18614	1.21085	12.3062	-0.227596	0.306871	0.164943	3315200	0.634745	2.22294	0	3.90772
21745832	-0.222402	4.00323	9.36558	-0.361852	-0.054981	0.164943	3315400	0.634745	2.22294	0	4.20404
21746029	-0.889606	1.38383	7.78406	-0.101012	0.295363	-0.0294084	3315600	0.634745	2.22294	0	4.09292
21746246	-1.80392	3.0642	13.4677	-0.437291	0.236546	-0.222481	3315800	0.634745	2.22294	0	4.20404
21746433	-1.40854	2.34757	8.82193	-0.267233	-0.3171	0.172615	3316000	0.634745	2.22294	0	4.22256
21746631	-1.65566	0.617782	9.88452	-0.0370802	-0.147042	0.0255726	3316200	0.634745	2.22294	0	4.18552
21746832	-0.716627	5.53533	12.8004	0.616299	0.210974	-0.0281298	3316400	0.634745	2.22294	0	4.75964
21747029	-0.914318	1.35912	8.50068	0.263397	0.190516	0.182844	3316600	0.634745	2.22294	0	4.11144
21747230	-1.28499	1.33441	10.7741	-0.274905	-0.0920612	-0.227596	3316800	0.634745	2.22294	0	4.22256
21747432	-1.7545	5.23879	8.08059	0.118912	-0.131699	-0.152157	3317000	0.634745	2.22294	0	4.8152
21747627	-0.864895	1.5321	8.05588	0.147042	-0.292806	-0.0191794	3317200	0.634745	2.22294	0	4.14848
21747827	-0.691916	1.68037	13.0476	-0.294084	0.115077	0.00255726	3317400	0.634745	2.22294	0	4.5374
21748027	0.741339	4.5963	9.48913	-0.497386	-0.148321	0.324772	3317600	0.634745	2.22294	0	4.24108
21748227	-0.914318	1.45797	7.80877	-0.333722	0.331165	-0.150878	3317800	0.634745	2.22294	0	3.704
21748431	-1.72979	3.13833	13.3441	-0.124027	0.179008	-0.271069	3318000	0.634745	2.22294	0	4.74112
21748627	-1.48268	1.13672	8.64895	0.28002	-0.236546	0.0741604	3318200	0.634745	2.22294	0	4.01884
21748827	-1.18614	0.889606	10.9965	-0.221203	-0.1496	0.0843895	3318400	0.634745	2.22294	0	4.12996
21749028	-0.691916	4.49745	11.1942	0.112519	0.282577	0.0242939	3318600	0.634745	2.22294	0	4.46332
21749228	-1.23556	1.03787	8.27828	-0.145764	0.0537024	-0.0600955	3318800	0.634745	2.22294	0	3.90772
21749431	-1.3097	1.16143	11.3919	-0.254447	0.0179008	-0.273626	3319000	0.634745	2.22294	0	3.96328
21749628	-1.03787	2.76766	9.34087	0.0421947	-0.0537024	-0.120191	3319200	0.634745	2.22294	0	4.33368
21749830	-1.45797	0.840184	8.67366	-0.00767177	-0.0485879	0.0498665	3319400	0.634745	2.22294	0	4.20404
21750028	-1.18614	0.247113	12.4298	-0.412997	0.0728818	0.168779	3319600	0.634745	2.22294	0	4.8152
21750228	0.19769	1.82864	9.88452	-0.218645	-0.0882253	0.249333	3319800	0.634745	2.22294	0	3.74104
21750432	-0.543648	0.518937	8.82193	-0.054981	0.0946185	-0.0843895	3320000	0.634745	2.22294	0	4.38924
21750632	-1.7545	2.54526	12.9487	-0.0818322	0.0703246	-0.219924	3320200	0.634745	2.22294	0	4.68556
21750839	-0.642494	-0.494226	8.20415	0.295363	-0.193073	-0.0869467	3320400	0.634745	2.22294	0	3.1484
21751032	-0.420092	0.222402	11.5896	-0.194351	0.0332443	0.13042	3320600	0.634745	2.22294	0	4.09292
21751240	-0.148268	1.82864	9.24202	-0.190516	0.089504	0.414276	3320800	0.634745	2.22294	0	3.96328
21751432	-1.45797	-0.0494226	7.68521	0.118912	0.375917	0.219924	3321000	0.634745	2.22294	0	3.85216
21751638	-1.55681	-0.321247	14.1596	-0.534467	0.0421947	-0.0716032	3321200	0.634745	2.22294	0	4.2596
21751825	-1.58152	2.24873	9.36558	-0.434734	-0.432176	-0.0779963	3321400	0.634745	2.22294	0	3.57436
21752027	-1.13672	0.469514	9.16789	-0.0856681	-0.0524238	0.06521	3321600	0.634745	2.22294	0	5.05596
21752228	-1.40854	-0.222402	13.0723	-0.452634	0.113798	0.228874	3321800	0.634745	2.22294	0	4.57444
21752434	0.0494226	1.0873	9.36558	0.267233	-0.0728818	0.314543	3322000	0.634745	2.22294	0	4.00032
21752632	0.0247113	0.296535	9.73625	-0.131699	0.0831108	-0.0179008	3322200	0.634745	2.22294	0	5.25968
21752829	-1.90277	3.58314	13.1217	0.374638	-0.0153435	-0.0958971	3322400	0.634745	2.22294	0	5.20412
21753030	-1.72979	1.03787	8.67366	0.207138	-0.148321	-0.0703246	3322600	0.634745	2.22294	0	4.37072
21753229	-2.02633	-0.148268	9.93394	-0.221203	-0.222481	-0.1496	3322800	0.634745	2.22294	0	5.50044
21753434	-0.716627	4.29976	14.0113	0.177729	0.0920612	-0.255726	3323000	0.634745	2.22294	0	5.556
21753632	-0.469514	0.222402	9.88452	0.0741604	0.0971757	-0.0383588	3323200	0.634745	2.22294	0	4.11144
21753832	-0.593071	-0.19769	9.14318	-0.134256	0.0831108	-0.227596	3323400	0.634745	2.22294	0	4.7226
21754032	-1.50739	1.72979	13.863	-0.193073	-0.191794	0.124027	3323600	0.634745	2.22294	0	5.81528
21754232	-1.18614	0.914318	9.36558	-0.205859	-0.290249	0.0409161	3323800	0.634745	2.22294	0	4.70408
21754433	-0.642494	-0.469514	8.17944	-0.324772	-0.0255726	0.0409161	3324000	0.634745	2.22294	0	4.167
21754643	-0.494226	3.85496	13.2205	0.309428	0.396375	-0.0370802	3324200	0.634745	2.22294	0	5.24116
21754831	-0.518937	0.56836	8.77251	0.0779963	-0.0217367	0.250611	3324400	0.634745	2.22294	0	3.7966
21755030	-0.790761	-0.172979	10.7	-0.0958971	-0.00255726	-0.0971757	3324600	0.634745	2.22294	0	4.64852
21755229	-1.90277	2.34757	10.9965	0.415554	-0.0153435	-0.1496	3324800	0.634745	2.22294	0	4.0744
21755435	-1.21085	-0.321247	8.08059	0.207138	-0.101012	0.00511451	3325000	0.634745	2.22294	0	3.96328
21755630	-1.26028	-0.617782	11.9356	-0.184122	0.141928	0.120191	3325200	0.634745	2.22294	0	4.57444
21755832	-0.494226	1.45797	10.4035	0.292806	-0.0370802	0.396375	3325400	0.634745	2.22294	0	4.18552
21756031	-0.988452	-0.345958	8.62424	0.0856681	0.294084	0.0383588	3325600	0.634746	2.22294	0	3.20396
21756234	-2.07575	-0.247113	12.2568	-0.144485	0.0179008	-0.25189	3325800	0.634746	2.22294	0	3.25952
21756437	-1.55681	2.22402	8.67366	-0.208416	0.0166222	-0.638035	3326000	0.634746	2.22294	0	3.1484
21756633	-1.40854	0.0494226	8.7478	0.0396375	-0.187958	-0.269791	3326200	0.634746	2.22294	0	2.33352
21756831	-1.7545	-0.593071	12.3804	0.00383588	0.0230153	-0.0971757	3326400	0.634746	2.22294	0	2.42612
21757042	-1.03787	3.48429	9.76096	-0.861795	0.134256	-0.308149	3326600	0.634746	2.22294	0	3.8892
21757234	-1.80392	1.35912	8.47597	0.109962	0.0754391	-1.03441	3326800	0.634746	2.22294	0	3.35212
21757448	-1.3097	0.56836	11.5896	0.191794	-0.00511451	-1.75811	3327000	0.634746	2.22294	0	2.42612
21757631	-2.14988	2.24873	9.6374	-0.0856681	-0.0882253	-1.71464	3327200	0.634746	2.22294	0	2.51872
21757831	-1.92748	0.494226	9.39029	0.281298	-0.203302	-1.45508	3327400	0.634746	2.22294	0	2.42612
21758027	-0.56836	-1.16143	12.7757	-0.155993	0.219924	-0.278741	3327600	0.634746	2.22294	0	2.37056
21758228	-0.222402	3.01478	8.9702	-0.489715	-0.0664887	0.0511451	3327800	0.634746	2.22294	0	3.46324
21758434	-1.3097	0.494226	8.40184	0.0242939	0.335001	-0.222481	3328000	0.634746	2.22294	0	1.7594
21758630	-1.92748	0.469514	12.5286	-0.203302	0.00255726	-0.207138	3328200	0.634746	2.22294	0	2.33352
21758831	-1.77921	2.91593	9.56327	-0.208416	-0.236546	-0.405325	3328400	0.634746	2.22294	0	3.50028
21759029	-1.50739	0.296535	9.16789	-0.0166222	-0.168779	-0.0575383	3328600	0.634746	2.22294	0	2.00016
21759228	-1.16143	-0.370669	12.5533	-0.421947	-0.034523	0.118912	3328800	0.634746	2.22294	0	2.37056
21759434	-0.296535	2.42171	10.2305	-0.365688	0.089504	0.314543	3329000	0.634746	2.22294	0	4.48184
21759633	-0.939029	0.494226	8.77251	-0.00511451	0.0716032	-0.0575383	3329200	0.634746	2.22294	0	2.75948
21759829	-1.5321	0.148268	13.097	-0.235268	0.126584	-0.115077	3329400	0.634746	2.22294	0	4.14848
21760031	-0.864895	1.87806	9.24202	-0.0511451	-0.331165	-0.034523	3329600	0.634746	2.22294	0	4.18552
21760232	-1.7545	0.691916	10.1069	-0.157271	-0.0805536	-0.0537024	3329800	0.634746	2.22294	0	3.81512
21760435	-0.395381	3.63256	13.5912	-0.0204581	0.236546	0.199466	3330000	0.634746	2.22294	0	5.05596
21760633	-0.716627	0.0494226	9.21731	0.132977	0.177729	0.193073	3330200	0.634746	2.22294	0	4.55592
21760833	-0.864895	0.444803	10.6753	-0.0127863	-0.06521	-0.0946185	3330400	0.634746	2.22294	0	3.66696
21761043	-1.9769	3.60785	10.6011	0.763341	0.163664	-0.0920612	3330600	0.634746	2.22294	0	4.92632
21761244	-1.48268	-0.172979	7.6605	0.122748	-0.190516	-0.0741604	3330800	0.634746	2.22294	0	4.27812
21761437	-1.40854	-0.172979	12.5039	-0.262119	0.154714	0.246775	3331000	0.634746	2.22294	0	4.59296
21761632	-0.247113	3.38545	9.39029	-0.219924	0.189237	0.0716032	3331200	0.634746	2.22294	0	5.24116
21761831	-1.11201	0.667205	7.58637	-0.0754391	0.361852	0	3331400	0.634746	2.22294	0	4.5374
21762032	-1.68037	0.889606	13.863	-0.58689	0.0485879	-0.272348	3331600	0.634746	2.22294	0	5.13004
21762232	-2.00161	1.40854	9.6374	0.112519	0.0255726	-0.10229	3331800	0.634746	2.22294	0	4.75964
21762435	-1.43325	-0.345958	9.76096	-0.347787	-0.0537024	0.00767177	3332000	0.634746	2.22294	0	4.22256
21762629	-1.72979	4.1515	13.1464	0.967922	0.0971757	-0.0460306	3332200	0.634746	2.22294	0	4.68556
21762833	-1.18614	0.56836	8.9702	0.054981	-0.00127863	0.0127863	3332400	0.634746	2.22294	0	4.64852
21763034	-1.38383	0.469514	11.5155	-0.303035	-0.0409161	-0.209695	3332600	0.634746	2.22294	0	4.167
21763231	-1.7545	3.23718	8.89606	0.1675	-0.159829	-0.132977	3332800	0.634746	2.22294	0	4.74112
21763435	-0.642494	0.667205	8.17944	0.0204581	-0.194351	0.0140649	3333000	0.634746	2.22294	0	3.72252
21763632	-1.06259	-1.01316	13.3935	-0.181565	0.177729	0.237825	3333200	0.634747	2.22294	0	4.51888
21763834	-0.395381	2.24873	8.50068	-0.356737	-0.282577	0.418111	3333400	0.634747	2.22294	0	4.85224
21764031	-0.667205	0.469514	8.55011	-0.185401	0.177729	-0.0358016	3333600	0.634747	2.22294	0	3.8892
21764233	-1.77921	1.33441	12.9981	-0.407882	0.145764	-0.300478	3333800	0.634747	2.22294	0	4.8152
21764437	-0.96374	0.56836	9.11847	0.089504	-0.311985	0.0204581	3334000	0.634747	2.22294	0	4.40776
21764631	-1.0873	0.0494226	10.7988	-0.429619	-0.0115077	-0.0294084	3334200	0.634747	2.22294	0	4.46332
21764831	-0.321247	3.21247	10.9224	0.985822	0.0294084	0.125306	3334400	0.634747	2.22294	0	4.96336
21765032	-0.790761	0.271824	8.22886	0.250611	0.239103	-0.0166222	3334600	0.634747	2.22294	0	4.12996
21765232	-0.840184	0.296535	12.0838	-0.338836	-0.116355	-0.0473092	3334800	0.634747	2.22294	0	4.70408
21765431	-1.9769	3.33602	9.8598	-0.265955	-0.0268512	-0.277462	3335000	0.634747	2.22294	0	4.40776
21765626	-1.28499	0.494226	8.50068	-0.127863	-0.0434734	-0.0383588	3335200	0.634747	2.22294	0	4.31516
21765829	-0.815473	-0.642494	12.9981	-0.176451	0.136813	0.341394	3335400	0.634747	2.22294	0	4.92632
21766028	-0.0988452	2.27344	10.1316	0.00127863	-0.134256	0.45647	3335600	0.634747	2.22294	0	4.63
21766227	-0.96374	0.939029	9.51385	-0.360573	-0.010229	-0.225039	3335800	0.634747	2.22294	0	3.96328
21766432	-1.70508	4.22563	12.3804	0.685345	0.138092	-0.150878	3336000	0.634747	2.22294	0	4.85224
21766632	-0.444803	0.222402	7.93232	0.240382	-0.19563	-0.010229	0	0	0	0	0
21766684	-0.543648	0.271824	7.8829	-0.0677673	-0.0575383	-0.140649	3336200	0.634747	2.22294	0	4.14848
21766828	-0.864895	0.247113	11.8614	-0.155993	0.0818322	0.0958971	3336400	0.634747	2.22294	0	4.18552
21767029	-0.840184	2.14988	9.76096	0.202023	0.0179008	0.250611	3336600	0.634747	2.22294	0	4.63
21767228	-1.06259	0.0247113	7.80877	0.181565	0.359295	-0.0217367	3336800	0.634747	2.22294	0	3.7966
21767432	-1.23556	0.0741339	13.1711	-0.262119	-0.0728818	-0.0818322	3337000	0.634747	2.22294	0	4.50036
21767629	-2.17459	2.79238	9.43971	-0.571547	-0.291527	-0.349066	3337200	0.634747	2.22294	0	4.48184
21767841	-0.667205	-0.0988452	9.56327	-0.177729	-0.0166222	-0.00639314	3337400	0.634747	2.22294	0	3.44472
21768027	-0.96374	-1.16143	13.7395	-0.404047	0.209695	0.237825	3337600	0.634747	2.22294	0	4.9078
21768232	0.172979	1.58152	9.34087	0.0242939	-0.0767177	0.185401	3337800	0.634747	2.22294	0	3.92624
21768437	-0.469514	0.271824	9.83509	-0.154714	0.0294084	-0.1496	3338000	0.634747	2.22294	0	4.42628
21768632	-1.38383	2.76766	12.7016	0.833666	-0.0255726	-0.0460306	3338200	0.634747	2.22294	0	4.50036
21768832	-0.642494	-0.593071	8.08059	-0.0524238	-0.204581	-0.0690459	3338400	0.634747	2.22294	0	4.09292
21769033	-0.988452	0	12.0097	-0.0306871	0.0255726	0.122748	3338600	0.634747	2.22294	0	3.74104
21769232	0.148268	1.63095	9.8598	0.204581	-0.125306	0.259562	3338800	0.634747	2.22294	0	4.92632
21769432	-0.840184	-0.123556	7.53694	0.147042	0.432176	-0.0434734	3339000	0.634747	2.22294	0	3.77808
21769627	-1.28499	-0.296535	12.9981	-0.127863	-0.0613742	-0.0537024	3339200	0.634747	2.22294	0	4.20404
21769828	-1.9769	2.96535	9.6374	-0.421947	-0.159829	-0.494829	3339400	0.634748	2.22294	0	3.75956
21770031	-0.96374	-0.222402	8.67366	0.562596	-0.0741604	0.0716032	3339600	0.634748	2.22294	0	4.09292
21770231	-1.23556	-1.65566	12.8746	-0.274905	0.0971757	0.240382	3339800	0.634748	2.22294	0	4.24108
21770436	0.469514	2.24873	9.14318	-0.286413	-0.0882253	0.265955	3340000	0.634748	2.22294	0	3.07432
21770633	-0.914318	0.939029	8.62424	-0.161107	0.126584	-0.111241	3340200	0.634748	2.22294	0	3.9818
21770835	-1.13672	1.63095	13.1217	-0.0754391	0.145764	-0.250611	3340400	0.634748	2.22294	0	3.59288
21771030	-1.16143	1.16143	9.71154	0.221203	-0.134256	0.0677673	3340600	0.634748	2.22294	0	3.9818
21771231	-1.23556	0.271824	10.0328	-0.208416	-0.0153435	0.106126	3340800	0.634748	2.22294	0	4.00032
21771434	-0.815473	4.44803	13.3194	0.430898	0.122748	0.0204581	3341000	0.634748	2.22294	0	3.92624
21771630	-0.518937	0.593071	9.34087	0.257004	0.0511451	0.0396375	3341200	0.634748	2.22294	0	3.5188
21771830	-0.914318	0.370669	10.1811	-0.191794	-0.168779	-0.154714	3341400	0.634748	2.22294	0	4.70408
21772029	-1.3097	3.33602	10.5517	1.11624	0.0255726	0.0115077	3341600	0.634748	2.22294	0	4.09292
21772229	-0.939029	0.420092	8.55011	0.180287	-0.172615	-0.0792749	3341800	0.634748	2.22294	0	3.64844
21772434	-1.0873	-0.19769	11.0707	-0.554925	0.221203	0.216088	3342000	0.634748	2.22294	0	4.29664
21772628	-0.593071	1.90277	8.47597	0.276184	0.089504	0.337558	3342200	0.634748	2.22294	0	4.70408
21772824	-1.33441	0.543648	8.87135	-0.0166222	0.290249	-0.111241	3342400	0.634748	2.22294	0	3.96328
21773031	-1.21085	0.172979	12.8993	-0.255726	0.0255726	-0.28897	3342600	0.634748	2.22294	0	4.03736
21773230	-1.72979	2.27344	10.2552	-0.0920612	-0.113798	-0.61502	3342800	0.634748	2.22294	0	3.01876
21773432	-2.02633	0.716627	9.09375	-0.0907826	-0.282577	-0.460306	3343000	0.634748	2.22294	0	3.83364
21773632	-1.28499	-0.420092	11.639	-0.324772	0.0511451	-0.492272	3343200	0.634748	2.22294	0	3.8892
21773839	-1.16143	2.12517	10.5764	0.159829	0.0971757	-0.840059	3343400	0.634748	2.22294	0	2.1298
21774032	-1.16143	0.815473	9.76096	0.0920612	-0.0728818	-1.25689	3343600	0.634748	2.22294	0	2.5002
21774230	-1.38383	1.23556	10.9471	-0.168779	-0.0089504	-1.33361	3343800	0.634748	2.22294	0	3.40768
21774433	-2.10046	1.70508	9.58798	0.268512	-0.212252	-0.98838	3344000	0.634748	2.22294	0	2.46316
21774627	-1.5321	0.444803	10.2552	-0.0179008	-0.366966	-0.939792	3344200	0.634748	2.22294	0	3.5188
21774830	-0.716627	1.77921	12.751	-0.387424	-0.1675	-0.375917	3344400	0.634748	2.22294	0	3.81512
21775032	-0.0741339	1.06259	9.21731	0.0562596	0.0166222	-0.0524238	3344600	0.634748	2.22294	0	2.8706
21775231	-0.790761	0.667205	10.2305	-0.0626528	0.0677673	-0.23271	3344800	0.634748	2.22294	0	3.704
21775444	-1.9769	2.42171	12.1085	0.796585	0.0626528	-0.15855	3345000	0.634748	2.22294	0	3.18544
21775631	-1.18614	-0.617782	8.20415	0.304314	-0.255726	-0.0268512	3345200	0.634748	2.22294	0	3.18544
21775832	-1.7545	-0.296535	11.3672	-0.191794	0.00767177	0.185401	3345400	0.634748	2.22294	0	3.83364
21776031	-0.247113	1.01316	9.48913	0.314543	-0.115077	0.448799	3345600	0.634748	2.22294	0	2.5002
21776230	-0.691916	-0.889606	8.67366	0.0984544	0.375917	0.109962	3345800	0.634748	2.22294	0	3.46324
21776435	-1.16143	-0.148268	12.8252	-0.358016	-0.0626528	-0.0613742	3346000	0.634748	2.22294	0	3.59288
21776631	-1.85335	1.63095	9.43971	-0.397653	-0.10229	-0.268512	3346200	0.634748	2.22294	0	2.75948
21776831	-1.72979	-0.0494226	9.06904	-0.0281298	-0.106126	0.104848	3346400	0.634748	2.22294	0	4.70408
21777031	-1.11201	-0.172979	13.0228	-0.162386	0.199466	0.314543	0	0	0	0	0
21777058	-1.28499	1.92748	13.0476	-0.282577	0.199466	0.0728818	3346600	0.634748	2.22294	0	4.79668
21777231	-0.395381	2.8418	10.3046	-0.0358016	-0.0588169	0.162386	3346800	0.634748	2.22294	0	3.4262
21777433	-0.691916	0.370669	8.69837	-0.276184	0.0716032	-0.134256	3347000	0.634748	2.22294	0	4.77816
21777631	-1.80392	1.70508	13.5912	-0.204581	0.0434734	-0.257004	3347200	0.634748	2.22294	0	5.24116
21777829	-0.864895	0.0741339	8.77251	0.153435	-0.269791	-0.010229	3347400	0.634748	2.22294	0	3.40768
21778028	-1.01316	0	10.9471	-0.129141	0.0421947	0.0831108	3347600	0.634748	2.22294	0	4.74112
21778227	-0.494226	1.58152	10.0575	0.441127	0.230153	0.113798	3347800	0.634748	2.22294	0	3.72252
21778431	-1.13672	-0.321247	8.72308	0.129141	0.265955	-0.141928	3348000	0.634748	2.22294	0	4.29664
21778626	-1.35912	-0.420092	12.0591	-0.315821	-0.141928	-0.281298	3348200	0.634748	2.22294	0	4.74112
21778827	-1.85335	2.1993	9.73625	-0.257004	-0.154714	-0.464142	3348400	0.634748	2.22294	0	3.57436
21779026	-1.28499	0.0741339	8.50068	0.00255726	-0.089504	-0.0524238	3348600	0.634748	2.22294	0	4.38924
21779227	-0.988452	-1.48268	12.7016	-0.213531	0.0831108	0.22376	3348800	0.634748	2.22294	0	4.38924
21779429	-0.0494226	2.05104	9.66211	-0.327329	-0.166222	0.305592	3349000	0.634748	2.22294	0	2.88912
21779627	-0.815473	0.0988452	9.34087	-0.104848	0.205859	-0.099733	3349200	0.634748	2.22294	0	4.87076
21779829	-1.50739	1.03787	12.7016	-0.393817	0.250611	-0.189237	3349400	0.634748	2.22294	0	4.0744
21780028	-1.95219	1.16143	8.94549	0.306871	-0.268512	0.00383588	3349600	0.634748	2.22294	0	3.96328
21780229	-1.16143	0.0988452	10.2305	-0.18668	-0.0255726	0.0306871	3349800	0.634748	2.22294	0	5.24116
21780432	-0.790761	4.34919	11.9603	0.421947	0.0383588	0.18668	3350000	0.634748	2.22294	0	4.09292
21780632	-1.26028	-0.0741339	8.59953	0.309428	0.179008	0.106126	3350200	0.634748	2.22294	0	4.09292
21780831	-1.0873	1.06259	10.9471	0.0306871	-0.010229	-0.0677673	3350400	0.634747	2.22294	0	5.05596
21781033	-1.82864	3.26189	9.31616	0.3171	-0.141928	-0.216088	3350600	0.634747	2.22294	0	3.85216
21781231	-1.01316	0.939029	8.84664	0.193073	-0.152157	-0.0754391	3350800	0.634747	2.22294	0	4.29664
21781436	-1.06259	0.543648	12.5039	-0.340115	0.0358016	0.135535	3351000	0.634747	2.22294	0	4.33368
21781633	-0.123556	1.90277	10.4282	-0.306871	-0.0767177	0.258283	3351200	0.634747	2.22294	0	3.25952
21781834	-0.667205	1.45797	8.57482	-0.222481	0.199466	-0.0907826	3351400	0.634747	2.22294	0	4.38924
21782031	-1.58152	1.48268	11.985	-0.471814	-0.0869467	-0.221203	3351600	0.634747	2.22294	0	4.38924
21782232	-1.28499	1.18614	9.21731	0.331165	-0.180287	0.0396375	3351800	0.634747	2.22294	0	3.27804
21782431	-1.03787	0.988452	10.9965	-0.290249	0.0332443	0.00255726	3352000	0.634747	2.22294	0	4.4448
21782626	-0.19769	3.92909	11.6143	0.616299	0.00383588	0.185401	3352200	0.634747	2.22294	0	3.5188
21782826	-1.0873	0.345958	9.04433	0.34523	0.290249	0.0716032	3352400	0.634747	2.22293	0	3.5188
21783029	-0.76605	0.0741339	11.0707	-0.277462	-0.155993	-0.109962	3352600	0.634747	2.22293	0	4.50036
21783228	-1.50739	2.17459	9.26673	0.337558	0.0971757	-0.0690459	3352800	0.634747	2.22293	0	3.68548
21783443	-0.691916	0.296535	9.04433	-0.0191794	-0.138092	-0.0562596	3353000	0.634747	2.22293	0	3.77808
21783631	-1.18614	-0.123556	11.7379	-0.0664887	-0.0779963	0.153435	0	0	0	0	0
21783684	-1.13672	0.172979	12.2568	-0.181565	-0.010229	0.21481	3353200	0.634747	2.22293	0	4.77816
21783831	-0.518937	2.59469	9.95865	0.044752	0.227596	0.0920612	0	0	0	0	0
21783872	-0.0494226	3.23718	8.94549	-0.347787	0.101012	0.203302	3353400	0.634747	2.22293	0	3.83364
21784031	-1.0873	0.222402	8.45126	0.0255726	0.3171	0.0396375	3353600	0.634747	2.22293	0	4.42628
21784231	-1.45797	0.494226	12.9487	-0.230153	0.0626528	-0.0613742	3353800	0.634747	2.22293	0	4.42628
21784435	-2.00161	2.91593	9.71154	-0.355459	-0.099733	-0.25189	3354000	0.634747	2.22293	0	3.92624
21784627	-1.06259	0.395381	8.94549	0.0485879	-0.00383588	0.00639314	3354200	0.634747	2.22293	0	4.51888
21784826	-1.01316	1.43325	12.6028	-0.258283	-0.0191794	0.134256	0	0	0	0	0
21784870	-0.939029	3.65727	13.097	0.570268	-0.00511451	0.109962	3354400	0.634747	2.22293	0	4.38924
21785027	0.148268	2.52055	9.01962	-0.143206	-0.0230153	0.161107	3354600	0.634747	2.22293	0	3.59288
21785226	-0.667205	0.543648	9.1926	-0.271069	0.034523	-0.12147	3354800	0.634747	2.22293	0	4.40776
21785430	-1.70508	2.59469	12.4298	0.531909	0.0600955	-0.191794	3355000	0.634747	2.22293	0	3.87068
21785626	-1.06259	-0.0494226	8.05588	0.265955	-0.0268512	0.0524238	3355200	0.634747	2.22293	0	3.8892
21785826	-1.58152	-0.172979	11.812	-0.161107	-0.010229	0.0166222	3355400	0.634747	2.22293	0	4.38924
21786026	-0.494226	1.60623	10.4529	0.453913	0.140649	0.0805536	3355600	0.634747	2.22293	0	4.00032
21786227	-0.494226	0.0741339	8.42655	0.176451	0.310707	0.0217367	3355800	0.634747	2.22293	0	4.01884
21786436	-0.741339	0.123556	12.158	-0.122748	-0.103569	0	3356000	0.634747	2.22293	0	5.22264
21786630	-1.92748	3.23718	9.29144	-0.163664	-0.0831108	-0.308149	3356200	0.634747	2.22293	0	3.40768
21786831	-1.0873	0.96374	8.59953	-0.0115077	-0.12147	-0.13042	3356400	0.634747	2.22293	0	4.42628
21787032	-1.01316	-0.172979	12.924	-0.254447	0.12147	0.176451	3356600	0.634747	2.22293	0	5.03744
21787232	-0.0494226	2.64411	10.2552	-0.3171	-0.0140649	0.150878	3356800	0.634747	2.22293	0	3.44472
21787446	-0.642494	1.45797	9.14318	-0.239103	0.103569	-0.144485	3357000	0.634747	2.22293	0	4.88928
21787634	-1.63095	3.90438	13.0723	0.714753	0.148321	-0.144485	3357200	0.634747	2.22293	0	4.03736
21787835	-0.667205	0.271824	8.25357	0.218645	-0.194351	-0.0485879	3357400	0.634747	2.22293	0	3.37064
21788034	-0.988452	0.0247113	11.4907	-0.439848	0.187958	0.122748	3357600	0.634747	2.22293	0	4.79668
21788234	-0.741339	2.34757	9.43971	0.00639314	-0.0933399	0.276184	3357800	0.634747	2.22293	0	3.20396
21788436	-0.939029	0.345958	8.17944	0.144485	0.381031	0.0306871	3358000	0.634747	2.22293	0	4.31516
21788634	-1.90277	0.321247	13.1464	-0.663608	-0.0370802	-0.369524	3358200	0.634747	2.22293	0	3.96328
21788834	-2.397	2.14988	9.66211	-0.226317	-0.0562596	-0.198187	0	0	0	0	0
21788870	-1.55681	0.939029	9.24202	0.166222	-0.0677673	-0.0498665	3358400	0.634747	2.22293	0	2.6854
21789031	-1.58152	0.543648	9.1926	-0.0984544	-0.0626528	0.0319657	3358600	0.634747	2.22293	0	3.92624
21789231	-1.43325	-0.518937	12.2568	-0.506337	-0.12147	0.198187	3358800	0.634747	2.22293	0	3.18544
21789433	-0.148268	2.22402	8.77251	-0.480764	0.0511451	0.181565	3359000	0.634747	2.22293	0	2.11128
21789635	-1.18614	1.01316	9.26673	0.0434734	0.150878	-0.166222	3359200	0.634747	2.22293	0	2.42612
21789830	-1.63095	0.889606	12.1332	-0.0588169	-0.00767177	-0.446241	3359400	0.634747	2.22293	0	2.75948
21790035	-2.02633	1.63095	9.46442	0.176451	-0.141928	-0.398932	3359600	0.634747	2.22293	0	1.90756
21790230	-1.55681	1.06259	9.90923	0.0537024	-0.13937	-0.424505	3359800	0.634747	2.22293	0	2.61132
21790442	-0.840184	2.71824	11.985	0.034523	-0.292806	-0.364409	3360000	0.634747	2.22293	0	2.20388
21790629	-0.889606	2.99007	9.76096	0.173893	-0.112519	-0.542138	3360200	0.634747	2.22293	0	2.11128
21790828	-0.988452	1.48268	9.43971	0.209695	-0.13937	-1.04592	3360400	0.634747	2.22293	0	2.2224
21791040	-1.3097	2.07575	11.2931	0.249333	-0.28002	-1.20575	3360600	0.634747	2.22293	0	2.1298
21791229	-2.02633	2.05104	10.1316	0.0319657	-0.216088	-1.28246	3360800	0.634747	2.22293	0	2.16684
21791432	-1.38383	1.28499	11.0459	0.147042	-0.299199	-1.06638	3361000	0.634747	2.22293	0	3.5188
21791626	0.321247	2.27344	12.6769	0.622692	0.0767177	-0.34523	3361200	0.634747	2.22293	0	3.11136
21791826	-0.172979	1.0873	9.11847	0.0140649	-0.0153435	-0.187958	3361400	0.634747	2.22293	0	2.4076
21792025	-0.691916	0.518937	10.2552	-0.054981	-0.0306871	-0.204581	3361600	0.634747	2.22293	0	4.22256
21792222	-1.26028	2.99007	12.2815	0.144485	-0.0537024	-0.145764	3361800	0.634746	2.22293	0	3.64844
21792427	-0.939029	0.716627	8.69837	0.0306871	-0.0690459	0.054981	3362000	0.634746	2.22293	0	3.18544
21792624	-1.38383	0.815473	10.5023	-0.136813	0.0153435	0.0831108	3362200	0.634746	2.22293	0	4.20404
21792825	-0.247113	3.58314	11.5649	0.677673	0.0191794	0.1496	3362400	0.634746	2.22293	0	4.12996
21793023	-0.96374	0.691916	8.72308	0.0907826	0.308149	-0.0230153	3362600	0.634746	2.22293	0	3.29656
21793223	-1.01316	0.518937	10.9965	-0.06521	-0.125306	-0.0217367	3362800	0.634746	2.22293	0	4.50036
21793426	-1.77921	2.71824	10.6753	0.735211	0.13042	-0.034523	3363000	0.634746	2.22293	0	3.22248
21793624	-0.889606	0.296535	8.3277	0.0434734	-0.203302	-0.0409161	3363200	0.634746	2.22293	0	4.27812
21793834	-1.3097	0.76605	11.639	-0.0383588	0.0946185	0.0779963	3363400	0.634746	2.22293	0	4.75964
21794021	-0.518937	1.92748	9.61269	0.378474	0.0575383	0.212252	3363600	0.634746	2.22293	0	3.72252
21794222	-1.13672	0.222402	8.13001	0.120191	0.315821	0.0703246	3363800	0.634746	2.22293	0	4.7226
21794426	-1.80392	0.593071	12.7016	-0.489715	0.0268512	-0.29792	3364000	0.634746	2.22293	0	4.7226
21794624	-2.05104	1.87806	9.90923	-0.453913	-0.00127863	-0.044752	3364200	0.634746	2.22293	0	3.57436
21794824	-1.68037	0.741339	9.43971	-0.18668	-0.0907826	0.0716032	3364400	0.634746	2.22293	0	5.01892
21795021	-1.18614	3.92909	13.5171	-0.0166222	0.250611	0.0421947	3364600	0.634746	2.22293	0	4.11144
21795222	-0.667205	0.420092	9.46442	0.182844	0.140649	0.122748	3364800	0.634746	2.22293	0	3.27804
21795425	-1.01316	0.420092	10.2058	-0.21481	-0.12147	-0.0984544	3365000	0.634746	2.22293	0	4.98188
21795622	-1.40854	3.75612	11.0212	0.661051	-0.182844	-0.138092	3365200	0.634746	2.22293	0	4.31516
21795822	-0.96374	-0.123556	8.25357	0.281298	-0.112519	0.0358016	3365400	0.634746	2.22293	0	3.83364
21796021	-1.90277	0.172979	11.8614	-0.281298	0.0933399	0.0204581	3365600	0.634746	2.22293	0	4.94484
21796223	-0.395381	1.70508	9.31616	0.0421947	-0.0626528	0.1496	3365800	0.634746	2.22293	0	3.18544
21796424	-0.96374	0.518937	8.20415	-0.00767177	0.294084	0.0089504	3366000	0.634746	2.22293	0	4.22256
21796625	-0.76605	0.395381	12.7016	-0.184122	-0.140649	-0.0230153	3366200	0.634746	2.22293	0	4.87076
21796834	-1.82864	2.91593	9.90923	-0.421947	-0.171336	-0.346508	3366400	0.634746	2.22293	0	3.7966
21797021	-0.914318	0.790761	9.16789	0.0383588	-0.0843895	0.0843895	3366600	0.634746	2.22293	0	4.68556
21797222	-1.58152	1.50739	12.9981	-0.218645	0.161107	0.200745	3366800	0.634746	2.22293	0	5.11152
21797425	0.0494226	1.48268	9.16789	-0.341394	0.0191794	0.170058	3367000	0.634746	2.22293	0	3.90772
21797624	-0.741339	0.56836	9.415	-0.365688	0.0230153	-0.155993	3367200	0.634746	2.22293	0	5.68564
21797821	-1.68037	3.95381	12.4792	0.994773	0.190516	-0.0294084	3367400	0.634746	2.22293	0	3.66696
21798022	-0.543648	-0.345958	8.45126	0.0741604	-0.269791	0.0191794	3367600	0.634746	2.22293	0	3.37064
21798222	-1.28499	0.345958	11.466	-0.250611	0.0920612	0.0473092	3367800	0.634746	2.22293	0	4.59296
21798424	-0.395381	0.96374	9.83509	0.141928	0.00383588	0.277462	3368000	0.634746	2.22293	0	3.16692
21798621	-0.939029	-0.345958	8.89606	0.196909	0.300478	0.0818322	3368200	0.634746	2.22293	0	3.96328
21798832	-0.642494	-0.345958	12.4051	-0.141928	-0.0294084	-0.106126	3368400	0.634746	2.22293	0	4.66704
21799021	-1.45797	2.397	8.77251	0.180287	-0.0230153	-0.103569	3368600	0.634745	2.22293	0	3.57436
21799222	-0.864895	-0.172979	8.55011	0.162386	-0.159829	-0.0498665	3368800	0.634745	2.22293	0	3.64844
21799424	-1.50739	0.420092	12.6275	-0.0396375	0.116355	0.124027	3369000	0.634745	2.22293	0	4.75964
21799632	0.0494226	2.76766	10.0822	-0.15855	0.182844	-0.00383588	3369200	0.634745	2.22293	0	3.31508
21799823	-0.617782	0.494226	8.1053	-0.0153435	0.364409	-0.0191794	3369400	0.634745	2.22293	0	4.33368
21800023	-1.90277	0.543648	12.8746	-0.525516	0.107405	-0.140649	3369600	0.634745	2.22293	0	4.42628
21800223	-1.80392	2.17459	9.21731	-0.313264	-0.122748	0.0115077	3369800	0.634745	2.22293	0	2.92616
21800427	-1.70508	0.518937	9.36558	0.0306871	-0.0306871	0.184122	3370000	0.634745	2.22293	0	4.55592
21800623	-1.45797	-0.494226	13.4429	-0.427062	-0.0498665	0.227596	3370200	0.634745	2.22293	0	3.90772
21800822	-0.0741339	1.90277	9.34087	-0.0907826	-0.153435	0.0767177	3370400	0.634745	2.22293	0	2.9632
21801021	-0.642494	0.19769	8.89606	0.140649	0.10229	-0.245497	3370600	0.634745	2.22293	0	4.9078
21801223	-1.95219	0.790761	12.6275	-0.00383588	0.124027	-0.489715	3370800	0.634745	2.22293	0	3.55584
21801424	-0.864895	-0.543648	8.59953	0.246775	-0.164943	-0.0230153	3371000	0.634745	2.22293	0	3.66696
21801621	-1.48268	-0.172979	10.7	-0.145764	-0.0281298	0.103569	3371200	0.634745	2.22293	0	4.40776
21801820	-0.642494	2.96535	11.8367	0.845173	0.0179008	0.0958971	3371400	0.634745	2.22293	0	3.87068
21802021	-1.38383	-0.914318	8.9702	0.250611	0.263397	0.0383588	3371600	0.634745	2.22293	0	3.40768
21802220	-0.840184	-0.741339	11.8367	-0.185401	-0.101012	0	3371800	0.634745	2.22293	0	3.96328
21802423	-1.55681	1.80392	8.52539	-0.213531	0.145764	-0.228874	3372000	0.634745	2.22293	0	2.57428
21802624	-1.60623	0.247113	8.67366	0.127863	-0.175172	-0.0562596	3372200	0.634745	2.22294	0	3.74104
21802823	-1.0873	-0.642494	12.6769	-0.0805536	-0.00639314	0.210974	3372400	0.634745	2.22294	0	4.31516
21803022	0.0741339	3.08891	10.0328	-0.455192	0.125306	0.126584	3372600	0.634745	2.22294	0	3.00024
21803223	-1.06259	0.593071	8.05588	-0.122748	0.176451	-0.0639314	3372800	0.634745	2.22294	0	4.70408
21803426	-1.92748	0.56836	13.6159	-0.277462	0.0946185	-0.327329	3373000	0.634745	2.22294	0	4.61148
21803631	-1.40854	0.395381	9.01962	0.144485	-0.267233	-0.0600955	3373400	0.634745	2.22294	0	4.98188
21804022	-0.691916	4.27505	13.6159	0.499944	-0.00511451	-0.0690459	3373600	0.634745	2.22294	0	4.98188
21804222	-1.40854	-0.840184	8.77251	0.205859	0.248054	0.0971757	3373800	0.634745	2.22294	0	4.27812
21804425	-1.28499	-0.889606	10.9471	-0.0703246	-0.0869467	-0.00767177	3374000	0.634745	2.22294	0	5.33376
21804622	-1.77921	2.74295	9.58798	0.797864	0.19563	0.101012	3374200	0.634745	2.22294	0	3.53732
21804822	-0.518937	-0.494226	8.22886	0.00767177	-0.213531	0.0089504	3374400	0.634745	2.22294	0	4.27812
21805020	-1.58152	-1.01316	12.6769	-0.35418	0.171336	0.182844	3374600	0.634745	2.22294	0	4.64852
21805221	0.494226	2.91593	9.24202	-0.32605	0.120191	0.148321	3374800	0.634745	2.22294	0	3.55584
21805425	-1.03787	0.543648	8.22886	-0.0089504	0.278741	0.054981	3375000	0.634745	2.22294	0	4.85224
21805620	-2.24873	0.469514	13.7889	-0.311985	0.0907826	-0.34523	3375200	0.634744	2.22294	0	4.20404
21805831	-1.38383	0.889606	9.46442	-0.237825	-0.305592	-0.138092	3375400	0.634744	2.22294	0	3.3336
21806023	-1.21085	-0.518937	9.78567	-0.218645	-0.0460306	0.0204581	3375600	0.634744	2.22294	0	4.64852
21806223	-0.148268	3.21247	13.4677	0.244218	-0.0127863	-0.0089504	3375800	0.634744	2.22294	0	4.11144
21806426	-1.21085	-0.469514	8.67366	0.244218	0.209695	0.0728818	3376000	0.634744	2.22294	0	3.18544
21806633	-0.864895	-0.815473	11.0954	0.044752	-0.0792749	-0.141928	3376200	0.634744	2.22294	0	4.57444
21806825	-2.27344	2.49584	11.0459	0.386146	0.202023	-0.225039	3376400	0.634744	2.22294	0	3.37064
21807028	-0.988452	-0.741339	8.52539	0.134256	-0.181565	-0.136813	3376600	0.634744	2.22294	0	3.75956
21807227	-1.48268	-1.01316	11.5896	-0.132977	-0.0370802	0.0498665	3376800	0.634744	2.22294	0	4.29664
21807429	-0.864895	0.667205	9.90923	0.313264	0.0370802	0.323493	3377000	0.634744	2.22294	0	3.27804
21807625	-1.80392	-0.345958	8.42655	0.309428	0.336279	-0.134256	3377200	0.634744	2.22294	0	3.85216
21807836	-2.17459	0.123556	11.812	-0.148321	-0.296642	-0.815765	3377400	0.634744	2.22294	0	3.90772
21808024	-1.87806	2.29815	9.43971	0.1496	-0.180287	-1.09067	3377600	0.634744	2.22294	0	2.61132
21808225	-1.77921	1.06259	8.72308	0.286413	-0.0396375	-1.1725	3377800	0.634744	2.22294	0	2.53724
21808436	-1.77921	-0.593071	11.0707	-0.175172	-0.150878	-0.984544	3378000	0.634744	2.22294	0	2.5928
21808631	-0.691916	1.16143	11.5402	0.173893	-0.0281298	-0.67128	3378200	0.634744	2.22294	0	3.64844
21808842	-0.593071	-0.0741339	8.7478	0.25189	0.262119	-0.907826	3378400	0.634744	2.22294	0	2.61132
21809043	-0.56836	-0.19769	11.7379	-0.135535	-0.120191	-0.698131	3378600	0.634744	2.22294	0	3.64844
21809232	-2.27344	3.01478	9.93394	0.465421	0.120191	-0.54086	3378800	0.634744	2.22294	0	3.64844
21809430	-1.21085	-0.148268	8.69837	0.170058	-0.116355	-0.347787	3379000	0.634744	2.22294	0	3.55584
21809630	-2.00161	0.0494226	12.6275	-0.267233	0.00639314	-0.1496	3379200	0.634744	2.22294	0	4.00032
21809834	0.172979	3.16304	9.09375	-0.425783	-0.0767177	-0.131699	3379400	0.634744	2.22294	0	4.12996
21810031	-0.76605	0	8.08059	0.346508	0.461585	0.0140649	3379600	0.634744	2.22294	0	3.81512
21810232	-1.5321	0.0247113	13.3441	-0.171336	0.0153435	-0.1496	3379800	0.634744	2.22294	0	4.5374
21810432	-1.92748	2.32286	9.68683	-0.415554	-0.153435	-0.0255726	3380000	0.634744	2.22294	0	3.8892
21810631	-1.48268	0.0741339	9.48913	-0.155993	-0.122748	-0.0409161	3380200	0.634744	2.22294	0	3.7966
21810831	-0.667205	-0.716627	13.3688	-0.478207	0.136813	0.263397	3380400	0.634744	2.22294	0	4.66704
21811025	-0.56836	1.33441	10.4282	0.13042	-0.0179008	0.0971757	3380600	0.634744	2.22294	0	3.85216
21811224	-0.790761	-0.395381	9.83509	-0.157271	0.0217367	-0.203302	3380800	0.634744	2.22294	0	3.96328
21811428	-1.92748	3.08891	12.9487	0.925727	0.196909	-0.1675	3381000	0.634744	2.22294	0	4.11144
21811634	-0.790761	-0.222402	8.25357	0.1496	-0.283855	-0.0166222	3381200	0.634744	2.22294	0	3.57436
21811835	-1.01316	-0.543648	10.7494	-0.120191	0.1675	0.155993	3381400	0.634744	2.22294	0	4.40776
21812024	-0.469514	1.03787	9.68683	0.462863	0.217367	0.276184	3381600	0.634744	2.22294	0	4.31516
21812224	-0.790761	0.469514	9.14318	0.127863	0.228874	0.116355	3381800	0.634744	2.22294	0	3.74104
21812428	-0.864895	0.0494226	11.6637	-0.227596	-0.0153435	-0.136813	3382000	0.634744	2.22294	0	4.09292
21812625	-1.55681	2.99007	9.8598	-0.1675	-0.193073	-0.287691	3382200	0.634744	2.22294	0	4.05588
21812826	-0.840184	0.271824	8.67366	0.0166222	-0.23271	-0.010229	3382400	0.634745	2.22294	0	4.00032
21813025	-0.939029	-0.667205	12.1332	-0.21481	0.122748	0.154714	3382600	0.634745	2.22294	0	4.64852
21813225	0.494226	2.79238	9.31616	-0.359295	0.0626528	0.161107	3382800	0.634745	2.22294	0	3.81512
21813428	-0.222402	0.56836	8.42655	-0.205859	0.221203	-0.0933399	3383000	0.634745	2.22294	0	4.11144
21813624	-1.28499	0.296535	13.3194	-0.589448	0.10229	-0.249333	3383200	0.634745	2.22294	0	4.66704
21813825	-0.790761	0.939029	9.21731	0.155993	-0.244218	0.0319657	3383400	0.634745	2.22294	0	4.01884
21814026	-1.50739	-0.123556	10.2305	-0.153435	-0.0485879	0.0677673	3383600	0.634745	2.22294	0	4.0744
21814235	-0.815473	2.49584	12.0344	0.704524	0.255726	0.0562596	3383800	0.634745	2.22294	0	4.5374
21814427	-1.0873	-0.741339	9.24202	0.263397	0.163664	0.00127863	3384000	0.634745	2.22294	0	3.7966
21814623	-1.23556	-0.321247	10.7247	-0.147042	-0.0664887	-0.163664	3384200	0.634745	2.22294	0	4.29664
21814834	-1.82864	2.47113	9.14318	-0.0230153	-0.0242939	-0.176451	3384400	0.634745	2.22294	0	4.14848
21815022	-1.26028	0.247113	8.52539	0.0626528	-0.182844	-0.0856681	3384600	0.634745	2.22294	0	4.0744
21815223	-1.5321	0	12.2815	0.0588169	0.116355	0.00127863	3384800	0.634745	2.22294	0	4.51888
21815426	0.148268	3.11362	9.90923	-0.313264	-0.0792749	0.168779	3385000	0.634745	2.22294	0	4.12996
21815624	-0.617782	0.444803	7.73463	-0.0575383	0.239103	-0.0409161	3385200	0.634745	2.22294	0	4.09292
21815822	-1.50739	0.395381	13.9372	-0.676394	0.0281298	-0.250611	3385400	0.634745	2.22294	0	4.5374
21816033	-1.28499	1.40854	9.1926	-0.180287	-0.271069	0.0191794	3385600	0.634745	2.22294	0	3.704
21816233	-1.45797	0.123556	10.1316	-0.0562596	-0.0332443	0.0958971	3385800	0.634745	2.22294	0	4.20404
21816426	-0.56836	3.58314	13.8877	0.212252	-0.0242939	0.0191794	3386000	0.634745	2.22294	0	4.85224
21816634	-0.815473	0.420092	8.7478	0.171336	0.136813	0.129141	3386200	0.634745	2.22294	0	3.72252
21816824	-0.988452	-0.0988452	9.71154	-0.147042	-0.0818322	-0.127863	3386400	0.634745	2.22294	0	4.57444
21817022	-1.01316	3.48429	12.0097	0.240382	0.0460306	-0.397653	3386600	0.634745	2.22294	0	4.5374
21817235	-1.01316	-0.345958	8.55011	0.333722	-0.0716032	-0.0882253	3386800	0.634745	2.22294	0	3.8892
21817427	-1.38383	-0.271824	11.5402	-0.209695	0.0230153	0.0958971	3387000	0.634745	2.22294	0	4.42628
21817627	0.0741339	2.05104	10.0822	0.269791	-0.0639314	0.240382	3387200	0.634745	2.22294	0	4.50036
21817826	-0.420092	0.148268	7.33925	0.193073	0.314543	0.0856681	3387400	0.634745	2.22294	0	3.92624
21818023	-1.40854	0.0247113	13.27	-0.258283	0.0089504	-0.0153435	3387600	0.634745	2.22294	0	4.50036
21818234	-1.38383	2.69353	9.09375	-0.482043	-0.0613742	-0.044752	3387800	0.634745	2.22294	0	4.18552
21818436	-1.16143	0.518937	9.58798	-0.0741604	-0.0204581	0.122748	3388000	0.634745	2.22294	0	4.22256
21818633	-0.148268	2.397	13.1217	-0.115077	-0.164943	0.254447	3388200	0.634745	2.22294	0	4.85224
21818823	-0.321247	1.43325	9.24202	0.150878	0.231432	0.196909	3388400	0.634745	2.22294	0	3.94476
21819023	-0.691916	0.691916	9.90923	-0.311985	-0.034523	-0.13042	3388600	0.634745	2.22294	0	4.01884
21819226	-2.10046	3.95381	11.4413	1.0766	0.157271	0.0958971	3388800	0.634745	2.22294	0	4.7226
21819429	-0.790761	0.19769	7.83348	0.0473092	-0.257004	-0.144485	3389000	0.634745	2.22294	0	3.74104
21819625	-1.70508	-0.420092	11.9108	-0.107405	0.0805536	0.109962	3389200	0.634745	2.22294	0	4.22256
21819826	-0.76605	1.80392	9.415	-0.179008	-0.0779963	0.0511451	3389400	0.634745	2.22294	0	4.3522
21820040	-1.11201	0.321247	7.75934	0.208416	0.44752	0.0332443	3389600	0.634745	2.22294	0	4.01884
21820230	-1.3097	-0.271824	13.863	-0.0600955	-0.0294084	-0.0370802	3389800	0.634745	2.22294	0	4.77816
21820433	-1.95219	2.42171	9.76096	-0.246775	-0.185401	-0.122748	3390000	0.634745	2.22294	0	4.29664
21820641	-1.7545	0.593071	8.42655	-0.0843895	-0.153435	-0.00383588	3390200	0.634745	2.22294	0	3.62992
21820830	-1.50739	-0.691916	12.3309	-0.254447	0.0498665	-0.124027	3390400	0.634745	2.22294	0	4.8152
21821031	-0.172979	3.75612	10.1811	-0.249333	0.0690459	-0.132977	3390600	0.634745	2.22294	0	4.79668
21821230	-0.840184	0.840184	7.73463	-0.0600955	0.263397	-0.111241	3390800	0.634745	2.22294	0	4.14848
21821430	-1.28499	0.370669	13.2453	0.118912	-0.170058	-0.193073	3391000	0.634745	2.22294	0	5.22264
21821628	-2.66882	3.55843	10.2058	0	-0.19563	-0.22376	3391200	0.634745	2.22294	0	5.11152
21821827	-0.914318	0.370669	7.53694	0.109962	-0.154714	0.00383588	3391400	0.634745	2.22294	0	4.00032
21822028	-1.55681	-0.0988452	13.0723	-0.283855	0.0971757	0.304314	3391600	0.634745	2.22294	0	4.51888
21822227	-0.123556	3.21247	10.0328	-0.292806	-0.0511451	0.184122	3391800	0.634745	2.22294	0	3.64844
21822431	-0.469514	1.06259	8.15473	-0.219924	0.249333	-0.0562596	3392000	0.634745	2.22294	0	4.51888
21822628	-1.7545	-0.123556	13.1464	-0.383588	0.162386	-0.306871	3392200	0.634745	2.22294	0	4.57444
21822826	-1.45797	1.60623	9.68683	-0.112519	-0.0882253	0.0089504	3392400	0.634746	2.22294	0	3.6114
21823028	-1.77921	-0.0494226	9.6374	-0.309428	-0.127863	0.0843895	3392600	0.634746	2.22294	0	4.0744
21823227	-1.38383	3.0642	14.3573	-0.0524238	0.0741604	0.0140649	3392800	0.634746	2.22294	0	4.51888
21823435	-1.0873	0.494226	9.78567	0.190516	0.0511451	-0.113798	3393000	0.634746	2.22294	0	3.03728
21823634	-1.26028	0.0247113	10.0328	-0.132977	-0.0319657	-0.425783	3393200	0.634746	2.22294	0	3.94476
21823843	-1.87806	3.75612	11.3425	0.750555	0.0907826	-0.331165	3393400	0.634746	2.22294	0	3.50028
21824027	-1.50739	-0.889606	8.72308	0.476928	-0.338836	-0.383588	3393600	0.634746	2.22294	0	3.44472
21824236	-1.87806	0.0247113	11.8367	-0.272348	-0.0281298	-0.282577	3393800	0.634746	2.22294	0	2.98172
21824430	-0.840184	1.06259	10.2552	0.323493	0.0179008	0.1675	3394000	0.634746	2.22294	0	4.05588
21824627	-1.92748	0.444803	8.9702	0.311985	0.240382	-0.534467	3394200	0.634746	2.22294	0	2.778
21824826	-1.72979	0.914318	11.0954	0.267233	-0.237825	-1.27224	3394400	0.634746	2.22294	0	2.33352
21825026	-1.85335	2.49584	9.43971	0.721146	-0.171336	-1.74916	3394600	0.634746	2.22294	0	1.2964
21825232	-0.939029	0.518937	8.72308	0.411718	-0.301756	-1.62769	3394800	0.634746	2.22294	0	1.16676
21825431	-0.345958	-0.939029	12.1332	-0.0140649	-0.179008	-0.774849	3395000	0.634746	2.22294	0	0.2778
21825629	0.0494226	3.08891	10.2058	-0.138092	0.314543	-0.0383588	3395200	0.634746	2.22294	0	0.88896
21825831	-0.96374	0.222402	8.05588	-0.0242939	0.285134	-0.0537024	3395400	0.634746	2.22294	0	0.926
21826030	-1.63095	-0.123556	12.6522	-0.216088	-0.0677673	-0.25189	3395600	0.634746	2.22294	0	1.03712
21826228	-2.52055	3.01478	9.29144	-0.239103	-0.0958971	-0.473092	3395800	0.634746	2.22294	0	2.46316
21826434	-1.13672	0.593071	8.77251	0.0588169	-0.117634	-0.117634	3396000	0.634746	2.22294	0	1.81496
21826636	-1.35912	-1.06259	13.3688	-0.373359	0.0626528	0.285134	3396200	0.634746	2.22294	0	2.48168
21826840	-0.222402	2.32286	9.415	-0.184122	-0.0933399	0.257004	3396400	0.634746	2.22294	0	3.31508
21827042	-0.444803	0.76605	9.26673	-0.136813	0.0179008	-0.222481	3396600	0.634746	2.22294	0	1.87052
21827243	-2.05104	3.68198	12.8746	0.607348	0.176451	-0.171336	3396800	0.634746	2.22294	0	3.07432
21827431	-1.11201	0.0988452	8.15473	0.272348	-0.304314	0.0626528	3397000	0.634746	2.22294	0	3.57436
21827629	-1.5321	-0.0741339	10.9718	-0.175172	-0.0690459	0.0639314	3397200	0.634746	2.22294	0	4.167
21827831	-0.494226	3.63256	11.4166	0.820879	0.154714	0.0460306	3397400	0.634746	2.22294	0	4.92632
21828031	-1.23556	-0.395381	8.47597	0.26084	0.273626	0.0741604	3397600	0.634746	2.22294	0	4.33368
21828230	-0.716627	0.123556	11.2683	-0.259562	-0.104848	-0.109962	3397800	0.634746	2.22294	0	4.3522
21828432	-2.22402	3.65727	9.43971	-0.26084	0.0984544	-0.340115	3398000	0.634746	2.22294	0	4.68556
21828639	-0.988452	0.691916	8.22886	-0.180287	-0.246775	-0.0358016	3398200	0.634746	2.22294	0	4.14848
21828829	-0.864895	-0.741339	12.9734	-0.437291	0.152157	0.32605	3398400	0.634746	2.22294	0	4.27812
21829029	0.543648	2.69353	9.51385	-0.28002	-0.166222	0.361852	3398600	0.634746	2.22294	0	4.2596
21829231	-0.76605	1.3097	8.79722	-0.187958	0.22376	-0.159829	3398800	0.634746	2.22294	0	4.7226
21829433	-1.45797	3.43487	13.0228	-0.089504	0.0204581	-0.436012	3399000	0.634746	2.22294	0	4.29664
21829634	-1.26028	0.420092	7.98175	0.51273	-0.281298	0	3399200	0.634746	2.22294	0	3.83364
21829835	-0.815473	0.0247113	10.8483	-0.241661	-0.0562596	0.181565	3399400	0.634746	2.22294	0	4.98188
21830032	-1.55681	2.94064	12.1332	0.847731	-0.00767177	0.23271	3399600	0.634746	2.22294	0	3.75956
21830232	-1.18614	-0.395381	8.57482	-0.0166222	0.335001	0.0818322	3399800	0.634746	2.22294	0	3.74104
21830434	-1.40854	0.321247	11.5402	-0.0498665	-0.19563	-0.0779963	3400000	0.634746	2.22294	0	4.61148
21830631	-1.28499	2.76766	8.05588	-0.286413	0.118912	-0.282577	3400200	0.634746	2.22294	0	3.44472
21830833	-1.35912	0.345958	8.82193	-0.0115077	-0.21481	-0.0191794	3400400	0.634746	2.22294	0	4.46332
21831031	-0.76605	-0.172979	13.3688	-0.306871	-0.0498665	0.208416	3400600	0.634746	2.22294	0	4.57444
21831228	0.172979	3.23718	9.68683	-0.434734	-0.0191794	0.221203	3400800	0.634746	2.22294	0	3.07432
21831433	-0.469514	0.518937	8.69837	-0.0856681	0.212252	-0.0511451	3401000	0.634746	2.22294	0	3.75956
21831632	-1.77921	0.222402	12.8004	-0.387424	0.3171	-0.228874	3401200	0.634746	2.22294	0	4.59296
21831833	-1.28499	1.60623	9.73625	0.140649	-0.150878	0.0562596	3401400	0.634747	2.22294	0	4.01884
21832030	-1.26028	0.296535	9.8598	-0.320936	-0.0396375	0.0498665	3401600	0.634747	2.22294	0	4.70408
21832230	-0.76605	4.25034	13.1464	0.983265	-0.0882253	0.00511451	3401800	0.634747	2.22294	0	3.96328
21832434	-0.56836	-0.420092	8.59953	0.199466	0.257004	0.0473092	3402000	0.634747	2.22294	0	3.6114
21832631	-1.11201	-0.0741339	11.0212	-0.253168	-0.0716032	-0.172615	3402200	0.634747	2.22294	0	4.7226
21832831	-1.55681	2.94064	9.43971	0.719868	0.175172	-0.0179008	0	0	0	0	0
21832871	-0.939029	3.31131	8.79722	-0.228874	0.0485879	-0.308149	3402400	0.634747	2.22294	0	3.48176
21833030	-1.11201	-0.395381	8.20415	0.0690459	-0.157271	0.00127863	0	0	0	0	0
21833059	-1.26028	0.345958	8.87135	0.613742	-0.0741604	0.13042	3402600	0.634747	2.22294	0	4.38924
21833230	-1.33441	0.123556	12.7757	-0.296642	0.0856681	0.208416	3402800	0.634747	2.22294	0	4.7226
21833434	0.370669	2.56997	9.39029	-0.425783	-0.127863	0.0537024	3403000	0.634747	2.22294	0	3.6114
21833632	-0.691916	0.939029	8.7478	-0.10229	0.209695	-0.089504	3403200	0.634747	2.22294	0	4.3522
21833833	-1.21085	0.667205	13.9125	-0.834944	0.0242939	-0.341394	3403400	0.634747	2.22294	0	4.22256
21834030	-0.617782	1.0873	8.55011	0.273626	-0.246775	-0.00255726	3403600	0.634747	2.22294	0	3.92624
21834230	-1.0873	0.543648	10.6753	-0.106126	0.00127863	0.0677673	3403800	0.634747	2.22294	0	4.85224
21834433	-0.691916	4.32448	11.5402	1.23388	0.0434734	0.104848	3404000	0.634747	2.22294	0	3.7966
21834630	-1.01316	0.222402	8.69837	0.407882	0.29792	0.00127863	0	0	0	0	0
21834682	-1.03787	0.914318	8.20415	0.113798	0.32605	-0.0294084	3404200	0.634747	2.22294	0	3.74104
21834830	-1.06259	0.691916	11.1448	-0.222481	-0.0869467	-0.204581	3404400	0.634747	2.22294	0	4.4448
21835030	-2.02633	4.25034	8.79722	0.0754391	-0.196909	-0.347787	3404600	0.634747	2.22294	0	3.59288
21835231	-1.13672	1.26028	8.89606	-0.138092	-0.157271	-0.179008	3404800	0.634747	2.22294	0	3.55584
21835434	-1.33441	0.469514	12.3804	-0.231432	0.111241	0.0920612	3405000	0.634747	2.22294	0	4.37072
21835631	0.0988452	3.509	9.90923	-0.364409	-0.122748	-0.0754391	3405200	0.634747	2.22294	0	4.22256
21835827	-0.790761	1.13672	8.22886	-0.134256	0.29792	-0.0153435	3405400	0.634747	2.22294	0	3.77808
21836026	-1.43325	0.815473	12.5533	-0.337558	-0.044752	-0.168779	3405600	0.634747	2.22294	0	4.66704
21836225	-1.80392	2.22402	9.21731	0.0434734	-0.231432	0.0242939	3405800	0.634747	2.22294	0	4.5374
21836426	-1.35912	1.3097	9.6374	-0.104848	0.0127863	0.00511451	3406000	0.634747	2.22294	0	4.85224
21836630	-0.172979	4.3739	11.4413	0.878418	0.034523	-0.0255726	3406200	0.634747	2.22294	0	4.79668
21836829	-0.469514	0.444803	8.57482	0.0217367	0.249333	0.0498665	3406400	0.634747	2.22294	0	4.09292
21837039	-1.01316	0.741339	11.2436	-0.21481	-0.10229	-0.0524238	3406600	0.634747	2.22294	0	3.66696
21837227	-1.90277	4.1515	9.24202	0.199466	-0.0984544	-0.0127863	3406800	0.634747	2.22294	0	3.75956
21837432	-1.21085	1.48268	8.52539	-0.0396375	-0.249333	-0.111241	3407000	0.634747	2.22294	0	3.83364
21837627	-0.741339	0.988452	11.6884	-0.0396375	0.135535	0.134256	3407200	0.634747	2.22294	0	4.96336
21837831	0.56836	4.34919	10.354	-0.135535	0.0306871	-0.00511451	3407400	0.634747	2.22294	0	3.07432
21838033	-0.617782	1.82864	7.58637	-0.150878	0.309428	-0.0703246	0	0	0	0	0
21838058	-0.840184	1.7545	8.13001	-0.19563	0.159829	-0.118912	3407600	0.634747	2.22294	0	3.07432
21838230	-1.13672	1.26028	12.8993	-0.412997	-0.0332443	-0.198187	3407800	0.634747	2.22294	0	4.27812
21838432	-1.9769	3.41016	9.1926	-0.589448	-0.333722	-0.13937	3408000	0.634748	2.22294	0	3.85216
21838642	-1.48268	0.914318	9.66211	-0.147042	-0.0396375	-0.010229	3408200	0.634748	2.22294	0	3.85216
21838828	-1.9769	1.58152	11.2683	-0.347787	0.310707	0.290249	3408400	0.634748	2.22294	0	4.167
21839025	-0.518937	2.79238	9.61269	0.00511451	0.0818322	0.314543	3408600	0.634748	2.22294	0	3.72252
21839231	-0.667205	1.35912	9.24202	-0.171336	0.0217367	-0.0958971	3408800	0.634748	2.22294	0	3.6114
21839434	-1.70508	2.86651	12.2321	0.0409161	0.198187	-0.147042	3409000	0.634748	2.22294	0	4.3522
21839630	-1.38383	1.55681	9.24202	0.0575383	-0.239103	0.0153435	3409200	0.634748	2.22294	0	3.74104
21839828	-1.58152	1.01316	10.1563	-0.144485	0	-0.0115077	3409400	0.634748	2.22294	0	3.3336
21840024	-0.939029	2.29815	12.3804	-0.227596	0.104848	0.144485	3409600	0.634748	2.22294	0	4.57444
21840224	-0.543648	2.91593	10.1563	0.198187	0.0370802	0.0984544	3409800	0.634748	2.22294	0	4.63
21840427	-0.469514	1.28499	9.21731	0.00127863	-0.0434734	-0.115077	3410000	0.634748	2.22294	0	3.6114
21840636	-2.12517	3.92909	12.6769	-0.00383588	0.0281298	-0.479486	3410200	0.634748	2.22294	0	4.42628
21840825	-1.38383	1.11201	9.1926	0.191794	-0.319657	-0.154714	3410400	0.634748	2.22294	0	3.90772
21841027	-1.06259	0.864895	10.1316	-0.350344	-0.0907826	-0.0370802	3410600	0.634748	2.22294	0	2.98172
21841226	-0.716627	4.8187	12.4792	0.655936	-0.292806	0.101012	3410800	0.634748	2.22294	0	3.87068
21841432	-1.82864	1.90277	8.62424	0.21481	0.219924	-0.583054	3411000	0.634748	2.22294	0	2.81504
21841632	-0.96374	1.55681	10.3787	-0.0869467	-0.331165	-1.19296	3411200	0.634748	2.22294	0	2.2224
21841827	-0.988452	2.56997	11.3425	-0.514009	-0.799143	-1.92689	0	0	0	0	0
21841870	-1.92748	5.01639	12.8993	0.467978	-0.631642	-1.82844	3411400	0.634748	2.22294	0	2.16684
21842027	-1.92748	3.23718	9.36558	0.0217367	-0.176451	-1.95502	3411600	0.634748	2.22294	0	2.18536
21842231	-0.0988452	1.28499	10.1563	0.1675	-0.35418	-1.47809	3411800	0.634748	2.22294	0	1.50012
21842433	0.494226	1.77921	12.0838	-0.0728818	0.0716032	-0.200745	3412000	0.634748	2.22294	0	1.87052
21842636	-0.593071	1.38383	9.11847	-0.0485879	0.0843895	0.044752	3412200	0.634748	2.22294	0	1.92608
21842832	-0.741339	0.617782	9.8598	0.0179008	0.0869467	-0.12147	0	0	0	0	0
21842871	-1.0873	0.370669	10.5517	-0.0562596	0.0984544	-0.0958971	3412400	0.634748	2.22294	0	2.70392
21843034	-1.87806	2.42171	12.4298	-0.331165	0.138092	-0.420669	3412600	0.634748	2.22294	0	2.83356
21843232	-1.65566	1.60623	9.01962	0.143206	-0.0843895	-0.0383588	3412800	0.634748	2.22294	0	3.16692
21843435	-1.85335	1.3097	10.0328	0.0140649	-0.120191	0.0613742	3413000	0.634748	2.22294	0	4.5374
21843632	0.148268	1.50739	12.924	-0.358016	-0.044752	0.378474	3413200	0.634748	2.22294	0	4.5374
21843832	-0.716627	3.509	9.14318	-0.0639314	0.310707	0.332443	3413400	0.634748	2.22294	0	3.25952
21844031	-1.01316	1.72979	9.56327	-0.200745	-0.0792749	0.0524238	3413600	0.634748	2.22294	0	4.09292
21844230	-2.56997	2.79238	11.985	-0.433455	0.392539	-0.557482	3413800	0.634748	2.22294	0	3.72252
21844434	-0.815473	0.222402	9.24202	0.3171	-0.653379	-0.104848	3414000	0.634748	2.22294	0	3.77808
21844634	-1.26028	0.617782	10.6753	-0.199466	-0.12147	-0.0230153	3414200	0.634748	2.22294	0	5.29672
21844831	-0.0247113	5.21408	10.5517	0.845173	0.451356	-0.258283	3414400	0.634748	2.22294	0	4.48184
21845032	-0.864895	1.0873	9.66211	0.06521	0.124027	0.0179008	3414600	0.634748	2.22294	0	4.01884
21845231	-0.617782	0.518937	9.8598	-0.442405	-0.115077	-0.117634	3414800	0.634748	2.22294	0	4.74112
21845435	-1.60623	5.46119	11.2436	0.0140649	-0.23271	-0.271069	3415000	0.634748	2.22294	0	4.01884
21845636	-1.11201	-0.0988452	8.00646	0.604791	-0.0613742	0.113798	3415200	0.634748	2.22294	0	4.03736
21845828	-1.26028	0.939029	11.4907	-0.384867	-0.0537024	0.132977	3415400	0.634748	2.22294	0	5.07448
21846029	-1.23556	3.48429	11.4907	0.849009	0.0166222	-0.00127863	3415600	0.634748	2.22294	0	3.92624
21846229	-0.939029	0.76605	8.84664	0.335001	0.259562	-0.00383588	3415800	0.634748	2.22294	0	3.96328
21846430	-0.96374	1.55681	12.1827	-0.101012	-0.154714	-0.208416	3416000	0.634748	2.22294	0	4.85224
21846626	-2.14988	4.29976	8.42655	-0.259562	-0.219924	-0.26084	3416200	0.634748	2.22294	0	3.27804
21846837	-1.0873	0.76605	8.17944	-0.0358016	-0.177729	-0.168779	3416400	0.634748	2.22294	0	4.2596
21847027	-1.3097	0.593071	12.7016	-0.134256	0.044752	0.204581	3416600	0.634748	2.22294	0	4.38924
21847226	0.321247	3.70669	9.21731	-0.392539	0.203302	0.313264	3416800	0.634747	2.22294	0	2.8706
21847430	-0.716627	1.58152	8.25357	-0.300478	0.1496	0.0294084	3417000	0.634747	2.22294	0	4.75964
21847627	-2.02633	1.45797	12.751	-0.485879	0.109962	-0.269791	3417200	0.634747	2.22294	0	4.64852
21847828	-1.26028	1.80392	8.72308	0.0319657	-0.286413	0.00255726	3417400	0.634747	2.22294	0	3.62992
21848028	-1.21085	1.23556	10.0822	-0.0127863	-0.0498665	0.0332443	3417600	0.634747	2.22294	0	5.093
21848227	-0.321247	6.30138	13.8383	0.8017	-0.0396375	0.264676	3417800	0.634747	2.22294	0	3.94476
21848430	-0.840184	1.06259	8.40184	0.0600955	0.262119	-0.0230153	3418000	0.634747	2.22294	0	2.98172
21848627	-0.593071	1.13672	10.5517	-0.104848	-0.135535	-0.164943	3418200	0.634747	2.22294	0	4.87076
21848826	-1.92748	3.21247	8.87135	0.329886	0.0498665	-0.103569	3418400	0.634747	2.22294	0	3.40768
21849026	-0.988452	0.840184	8.62424	0.374638	-0.0575383	-0.109962	3418600	0.634747	2.22294	0	4.29664
21849228	-1.11201	1.21085	12.2568	-0.0869467	0.127863	0.124027	3418800	0.634747	2.22294	0	5.11152
21849432	0.148268	3.58314	9.76096	-0.416833	0.0370802	0.375917	3419000	0.634747	2.22294	0	3.59288
21849627	-0.939029	1.13672	7.53694	-0.13937	0.340115	0.0728818	3419200	0.634747	2.22294	0	4.75964
21849827	-1.77921	1.28499	13.0476	-0.514009	-0.0460306	-0.300478	3419400	0.634747	2.22294	0	4.37072
21850037	-1.63095	1.65566	8.69837	0.172615	-0.324772	-0.0613742	3419600	0.634747	2.22294	0	3.704
21850227	-1.21085	0.148268	10.4776	-0.198187	0.0588169	0.0166222	3419800	0.634747	2.22294	0	5.61156
21850432	-0.420092	5.16466	11.9603	0.539581	-0.15855	0.26084	3420000	0.634747	2.22294	0	4.50036
21850627	-1.16143	0.790761	8.15473	0.112519	0.237825	-0.0664887	3420200	0.634747	2.22294	0	4.3522
21850828	-0.914318	1.28499	11.7873	-0.0358016	-0.00383588	-0.361852	3420400	0.634747	2.22294	0	4.38924
21851028	-1.58152	3.55843	8.37713	0.0805536	0.00383588	-0.0856681	3420600	0.634747	2.22294	0	4.0744
21851228	-0.790761	0.494226	8.00646	0.106126	-0.162386	0.034523	3420800	0.634747	2.22294	0	4.37072
21851429	-0.889606	-0.0247113	13.1958	-0.349066	0.10229	0.221203	3421000	0.634747	2.22294	0	4.94484
21851635	0.395381	2.6194	9.48913	-0.520402	-0.140649	0.401489	0	0	0	0	0
21851683	0	2.10046	9.1926	0.103569	-0.0498665	0.32605	3421200	0.634747	2.22294	0	4.11144
21851835	-0.543648	0.988452	8.20415	-0.143206	0.245497	-0.0460306	3421400	0.634747	2.22294	0	4.83372
21852035	-1.3097	1.06259	14.0113	-0.333722	0.241661	-0.184122	3421600	0.634747	2.22294	0	4.87076
21852233	-1.45797	0.939029	8.94549	0.0728818	-0.282577	0.0958971	3421800	0.634747	2.22294	0	3.75956
21852436	-1.23556	0.0494226	10.2552	-0.528073	0.0319657	0.0933399	3422000	0.634747	2.22293	0	5.4634
21852632	-0.96374	4.27505	12.2815	1.20447	-0.0754391	0.13042	3422200	0.634747	2.22293	0	4.61148
21852833	-0.76605	0.0988452	7.75934	0.163664	0.177729	-0.034523	3422400	0.634747	2.22293	0	4.11144
21853032	-0.667205	0.0988452	11.466	-0.101012	-0.0754391	-0.202023	3422600	0.634747	2.22293	0	5.22264
21853233	-2.07575	4.20092	9.34087	0.0779963	-0.190516	-0.208416	3422800	0.634747	2.22293	0	4.37072
21853437	-1.01316	0.815473	8.37713	0.0319657	-0.18668	-0.141928	3423000	0.634747	2.22293	0	5.01892
21853633	-0.518937	0.0247113	13.6406	-0.327329	0.208416	0.273626	3423200	0.634747	2.22293	0	5.44488
21853834	0.593071	2.99007	9.01962	0.0434734	-0.0971757	0.519123	3423400	0.634747	2.22293	0	4.55592
21854033	-0.840184	0.790761	8.89606	-0.443684	0.179008	-0.0971757	3423600	0.634747	2.22293	0	5.3708
21854232	-2.05104	4.34919	13.5418	0.329886	0.459028	-0.235268	3423800	0.634747	2.22293	0	5.2782
21854437	-0.617782	0.321247	8.1053	0.0421947	-0.351623	-0.0358016	3424000	0.634747	2.22293	0	4.75964
21854639	-0.790761	0.790761	11.5896	-0.124027	0.0971757	0.0358016	3424200	0.634747	2.22293	0	5.98196
21854838	0	2.32286	9.73625	0.203302	-0.175172	0.209695	0	0	0	0	0
21854869	-0.0741339	3.08891	10.2552	-0.172615	-0.163664	-0.0383588	3424400	0.634747	2.22293	0	4.68556
21855035	-0.939029	0.494226	7.68521	0.199466	0.451356	-0.250611	3424600	0.634747	2.22293	0	4.38924
21855229	-0.939029	0.19769	13.3194	-0.629085	-0.153435	-0.176451	3424800	0.634747	2.22293	0	4.74112
21855437	-1.80392	3.0642	8.92078	0.0383588	-0.262119	-0.13937	3425000	0.634747	2.22293	0	3.59288
21855635	-0.790761	1.06259	9.81038	-0.141928	-0.0294084	0.00511451	3425200	0.634747	2.22293	0	4.4448
21855832	-0.76605	2.86651	13.8877	-0.0818322	0.0485879	0.154714	3425400	0.634747	2.22293	0	4.09292
21856032	-0.518937	0.939029	8.84664	0.28002	0.210974	0.13042	3425600	0.634746	2.22293	0	3.09284
21856232	-0.840184	0.271824	9.88452	-0.170058	-0.00255726	-0.132977	3425800	0.634746	2.22293	0	5.03744
21856437	-1.58152	3.60785	10.873	0.783799	-0.0498665	-0.108683	3426000	0.634746	2.22293	0	3.66696
21856637	-0.271824	0.172979	8.22886	0.124027	-0.254447	-0.099733	3426200	0.634746	2.22293	0	3.96328
21856835	-0.939029	0.123556	11.639	-0.0831108	0.115077	0.0805536	3426400	0.634746	2.22293	0	4.75964
21857035	0.148268	2.24873	9.53856	-0.402768	-0.00383588	0.205859	3426600	0.634746	2.22293	0	2.8706
21857233	-1.3097	-0.642494	7.78406	0.239103	0.451356	0.0230153	3426800	0.634746	2.22293	0	3.27804
21857446	-1.21085	0.642494	12.0344	-0.166222	-0.0728818	-0.117634	3427000	0.634746	2.22293	0	4.57444
21857635	-1.06259	2.52055	8.52539	-0.0306871	0.0306871	-0.0217367	3427200	0.634746	2.22293	0	2.98172
21857834	-0.617782	0.543648	9.76096	-0.117634	-0.0319657	0.010229	3427400	0.634746	2.22293	0	2.9632
21858034	-1.06259	-0.0988452	11.1201	0.179008	0.054981	0.0639314	3427600	0.634746	2.22293	0	4.40776
21858232	-0.691916	1.13672	9.26673	0.28002	0.182844	0.203302	3427800	0.634746	2.22293	0	3.01876
21858436	-0.444803	1.7545	9.16789	0.534467	-0.306871	0.0383588	3428000	0.634746	2.22293	0	3.38916
21858632	0.370669	2.42171	11.2189	0.210974	-0.235268	-0.265955	3428200	0.634746	2.22293	0	2.37056
21858833	-0.296535	2.6194	8.87135	-0.180287	0.366966	-0.170058	3428400	0.634746	2.22293	0	1.88904
21859033	-0.716627	2.14988	9.29144	0.132977	0.22376	-0.115077	3428600	0.634746	2.22293	0	1.5742
21859233	-0.914318	1.23556	10.6753	-0.00383588	-0.0230153	0.476928	3428800	0.634746	2.22293	0	1.55568
21859437	-0.345958	3.11362	10.3293	-0.0089504	0.154714	0.370802	3429000	0.634746	2.22293	0	1.42604
21859635	-0.296535	1.82864	10.4282	0.143206	0.0741604	0.134256	3429200	0.634746	2.22293	0	1.31492
21859834	-0.56836	2.22402	10.2058	-0.0933399	0.0728818	-0.296642	3429400	0.634746	2.22293	0	1.00008
21860039	-0.939029	2.24873	10.1563	-0.10229	0.00383588	-0.184122	3429600	0.634746	2.22293	0	0.926
21860236	-1.55681	1.85335	10.4282	0.0421947	-0.12147	0.111241	3429800	0.634746	2.22293	0	0.87044
