21905636	-0.815473	-9.81038	-0.0494226	-0.0511451	-0.0920612	0.0421947	3475200	0.634746	2.22293	0	0.01852
21905835	-0.494226	-9.81038	-0.543648	0.0677673	0.0140649	-0.0613742	3475400	0.634746	2.22293	0	0.01852
21906026	-0.494226	-10.0328	-1.03787	-0.168779	0.103569	0.0242939	3475600	0.634746	2.22293	0	0
21906225	-0.96374	-10.527	-1.63095	-0.172615	0.164943	0.0716032	3475800	0.634746	2.22293	0	0
21906429	-1.82864	-9.11847	-0.271824	0.103569	0.290249	-0.0818322	3476000	0.634746	2.22293	0	0.01852
21906625	-1.5321	-10.4035	-0.148268	-0.0434734	0.0588169	-0.132977	3476200	0.634746	2.22293	0	0.01852
21906826	-2.12517	-8.52539	-0.790761	0.0882253	-0.184122	-0.0907826	3476400	0.634746	2.22293	0	0.01852
21907028	-0.56836	-11.9603	-2.24873	-1.04592	-0.388703	-0.109962	3476600	0.634746	2.22293	0	0.01852
21907228	0.321247	-8.3277	0.716627	-0.0805536	-0.111241	0.161107	3476800	0.634746	2.22293	0	0.03704
21907442	-1.21085	-9.88452	-0.617782	0.0306871	-0.177729	0.112519	3477000	0.634746	2.22293	0	0.11112
21907628	-1.21085	-11.9108	-3.0642	-0.474371	-0.196909	-0.0882253	3477200	0.634746	2.22293	0	0.20372
21907828	-2.1993	-9.66211	-1.16143	0.0600955	0.269791	-0.125306	3477400	0.634746	2.22293	0	0.07408
21908025	-1.21085	-9.14318	-2.00161	-0.0153435	0.0575383	-0.135535	3477600	0.634746	2.22293	0	0.0926
21908229	-0.0988452	-12.5533	-1.7545	0.0434734	0.0127863	0.217367	3477800	0.634746	2.22293	0	0.14816
21908432	-0.271824	-9.06904	-1.06259	0.198187	-0.0639314	-0.239103	3478000	0.634746	2.22293	0	0.12964
21908629	-0.172979	-9.21731	-1.95219	-0.28897	0.0179008	0.0473092	3478200	0.634746	2.22293	0	0.12964
21908833	-0.790761	-9.93394	0.370669	0.161107	-0.0920612	0.136813	3478400	0.634746	2.22293	0	0.12964
21909032	-0.494226	-7.51223	-1.85335	-0.0166222	0.140649	-0.219924	3478600	0.634746	2.22293	0	0.12964
21909232	-0.247113	-11.4413	-3.23718	-0.350344	-0.148321	0.10229	3478800	0.634746	2.22293	0	0.11112
21909432	0.914318	-9.66211	-0.494226	0.179008	-0.0524238	0.0677673	3479000	0.634746	2.22293	0	0.0926
21909643	-0.123556	-8.20415	-1.90277	-0.173893	-0.0524238	0.0946185	3479200	0.634746	2.22293	0	0.33336
21909833	-0.395381	-11.7873	-2.6194	-0.466699	0.173893	0.034523	3479400	0.634746	2.22293	0	0.22224
21910031	-1.26028	-9.06904	-1.28499	0.262119	0.147042	-0.155993	3479600	0.634746	2.22293	0	0.1852
21910228	-0.321247	-9.04433	-2.8418	-0.144485	-0.00255726	-0.115077	3479800	0.634746	2.22293	0	0.22224
21910432	0.815473	-12.1332	-0.494226	0.492272	0.0562596	-0.0690459	3480000	0.634746	2.22293	0	0.1852
21910632	-0.0988452	-8.30299	-1.68037	0.0460306	0.0971757	0.0664887	3480200	0.634746	2.22293	0	0.11112
21910841	0.247113	-11.1942	-2.1993	-0.332443	0.106126	-0.0779963	3480400	0.634746	2.22293	0	0.14816
21911028	-0.444803	-9.95865	0.0988452	-0.0664887	0.205859	-0.0153435	3480600	0.634746	2.22293	0	0.0926
21911231	-0.543648	-8.64895	-1.43325	-0.132977	-0.0306871	-0.122748	3480800	0.634746	2.22293	0	0.11112
21911435	-0.271824	-10.873	-3.63256	-0.269791	-0.187958	-0.0166222	3481000	0.634746	2.22293	0	0.12964
21911642	0.864895	-8.84664	-1.43325	0.250611	-0.140649	0.00255726	3481200	0.634746	2.22293	0	0.12964
21911829	-0.19769	-9.34087	-1.18614	-0.190516	0.00639314	0.0460306	3481400	0.634746	2.22293	0	0.16668
21912028	-0.469514	-12.7263	0.0988452	0.250611	0.111241	-0.0588169	3481600	0.634746	2.22293	0	0.12964
21912229	-0.444803	-6.40022	-1.45797	0.109962	0.099733	-0.0575383	3481800	0.634746	2.22293	0	0.11112
21912431	-0.123556	-11.5896	-3.26189	-0.255726	-0.196909	0.0115077	3482000	0.634746	2.22293	0	0.11112
21912628	0.96374	-9.56327	-0.0988452	0.116355	-0.104848	0.054981	3482200	0.634746	2.22293	0	0.12964
21912828	0.0494226	-7.4381	-1.26028	-0.0869467	-0.164943	0.171336	3482400	0.634746	2.22293	0	0.0926
21913029	-0.321247	-12.5533	-3.36074	-0.140649	0.111241	0.010229	3482600	0.634746	2.22293	0	0.07408
21913229	-1.40854	-8.7478	-1.60623	0.138092	0.0856681	-0.0613742	3482800	0.634746	2.22293	0	0.05556
21913432	-0.172979	-9.6374	-2.6194	-0.181565	-0.0588169	-0.185401	3483000	0.634746	2.22293	0	0.0926
21913642	0.494226	-10.1316	-0.667205	0.0971757	-0.0498665	-0.103569	3483200	0.634746	2.22293	0	0.0926
21913832	-0.345958	-7.33925	-2.1993	0.0191794	-0.0153435	0.180287	3483400	0.634746	2.22293	0	0.0926
21914031	-0.444803	-11.2436	-3.53371	-0.324772	0.166222	-0.0703246	3483600	0.634746	2.22293	0	0.11112
21914241	-1.06259	-9.46442	-0.691916	-0.194351	0.335001	-0.054981	3483800	0.634746	2.22293	0	0.07408
21914435	-0.790761	-8.15473	-2.44642	-0.150878	0.0933399	-0.115077	3484000	0.634746	2.22293	0	0.0926
21914635	0.222402	-13.2947	-0.889606	0.175172	-0.245497	0.219924	3484200	0.634746	2.22293	0	0.0926
21914834	-0.444803	-8.62424	-1.68037	0.190516	-0.0792749	-0.21481	3484400	0.634746	2.22293	0	0.05556
21915032	0.19769	-10.2552	-2.86651	-0.36313	0.0396375	0.0600955	3484600	0.634746	2.22293	0	0.11112
21915231	-0.691916	-9.46442	-0.247113	0.0716032	-0.00767177	0.089504	3484800	0.634746	2.22293	0	0.14816
21915435	-0.0494226	-7.2157	-2.27344	0.00511451	0.134256	-0.177729	3485000	0.634746	2.22293	0	0.20372
21915629	-0.0494226	-11.3919	-4.79399	-0.265955	-0.26084	0.10229	3485200	0.634746	2.22293	0	0.2778
21915831	0.840184	-10.0822	-0.667205	0.259562	-0.0498665	-0.0805536	3485400	0.634746	2.22293	0	0.31484
21916033	0.247113	-8.15473	-2.14988	-0.1496	0.0319657	0.213531	3485600	0.634746	2.22293	0	0.40744
21916232	0.0247113	-13.0228	-1.70508	-0.405325	0.29792	0.193073	3485800	0.634746	2.22293	0	0.463
21916435	-0.76605	-7.24041	-2.397	0.131699	-0.00639314	-0.168779	3486000	0.634746	2.22293	0	0.51856
21916633	-0.543648	-10.2058	-3.85496	-0.287691	-0.0166222	0.00767177	3486200	0.634746	2.22293	0	0.61116
21916831	0.914318	-9.24202	-1.90277	0.0179008	-0.0179008	-0.292806	3486400	0.634746	2.22293	0	0.68524
21917031	-0.518937	-6.69676	-2.24873	0.0575383	-0.155993	0.241661	3486600	0.634746	2.22293	0	0.72228
21917231	-0.296535	-11.8614	-4.20092	-0.421947	-0.00127863	0.00127863	3486800	0.634746	2.22293	0	0.77784
21917435	-0.76605	-9.04433	-0.593071	0.0613742	0.219924	0.0242939	3487000	0.634746	2.22293	0	1.35196
21917637	-0.56836	-8.05588	-2.81709	-0.0204581	0.0255726	-0.134256	3487200	0.634746	2.22293	0	1.389
21917835	0.172979	-11.0212	-4.29976	-0.185401	-0.351623	-0.0562596	3487400	0.634746	2.22293	0	1.51864
21918033	-0.0494226	-8.64895	-1.87806	0.162386	-0.0971757	-0.0179008	3487600	0.634746	2.22293	0	1.90756
21918232	-0.0494226	-9.06904	-3.16304	-0.125306	0.180287	0.0664887	3487800	0.634746	2.22293	0	2.2224
21918437	-0.370669	-10.6753	-0.345958	0.163664	-0.0677673	0.0613742	3488000	0.634746	2.22293	0	2.25944
21918632	0.0247113	-6.5732	-2.02633	0.0971757	0.177729	-0.212252	3488200	0.634746	2.22293	0	3.01876
21918833	0.0494226	-11.466	-4.1515	-0.173893	-0.254447	0.117634	3488400	0.634746	2.22293	0	3.8892
21919032	1.33441	-9.46442	-0.494226	-0.0409161	-0.0971757	0.0485879	3488600	0.634746	2.22293	0	3.40768
21919235	-0.148268	-7.53694	-1.82864	-0.0984544	0.00767177	0.212252	3488800	0.634746	2.22293	0	4.09292
21919438	-0.395381	-12.0344	-4.69514	-0.327329	0.00767177	0.127863	3489000	0.634746	2.22293	0	4.14848
21919636	-1.13672	-9.04433	-2.34757	0.0716032	0.265955	-0.148321	3489200	0.634746	2.22293	0	4.01884
21919835	-0.76605	-8.87135	-3.41016	-0.208416	0.06521	-0.0179008	3489400	0.634745	2.22293	0	4.92632
21920034	0.19769	-11.6884	-2.42171	0.466699	-0.145764	-0.258283	3489600	0.634745	2.22293	0	4.20404
21920233	-1.13672	-6.99329	-3.18776	0.226317	-0.0421947	0.108683	3489800	0.634745	2.22293	0	4.2596
21920438	-0.469514	-10.873	-4.02794	-0.370802	0.0562596	-0.0856681	3490000	0.634745	2.22293	0	4.22256
21920636	-1.45797	-8.40184	-0.123556	0.112519	0.378474	0.10229	3490200	0.634745	2.22293	0	3.35212
21920834	-0.0988452	-7.95703	-2.44642	-0.1675	0.228874	-0.0856681	3490400	0.634745	2.22293	0	3.40768
21921035	-0.494226	-10.873	-5.2635	-0.434734	-0.126584	0.0728818	3490600	0.634745	2.22293	0	3.38916
21921236	1.38383	-9.58798	0.0988452	-0.099733	0.109962	0.0690459	3490800	0.634745	2.22293	0	3.07432
21921438	-0.76605	-8.3277	-1.03787	-0.034523	0.690459	0.452634	3491000	0.634745	2.22293	0	3.11136
21921634	-1.0873	-10.7741	-3.36074	-0.272348	1.31699	0.553646	3491200	0.634745	2.22293	0	3.18544
21921834	-1.45797	-9.29144	-1.33441	-0.00511451	1.6929	0.786356	3491400	0.634745	2.22293	0	2.42612
21922034	-0.56836	-8.64895	-1.95219	0.0562596	1.57655	0.433455	3491600	0.634745	2.22293	0	2.1298
21922242	0.296535	-10.7988	-2.91593	-0.0268512	0.910383	0.397653	3491800	0.634745	2.22293	0	2.09276
21922437	0.864895	-8.30299	-1.95219	-0.0716032	0.617577	0.28897	3492000	0.634745	2.22293	0	2.05572
21922635	0.0247113	-8.22886	-3.08891	-0.0306871	0.337558	0.140649	3492200	0.634745	2.22293	0	2.05572
21922837	-0.444803	-11.1695	-2.54526	-0.263397	0.519123	-0.0767177	3492400	0.634745	2.22293	0	2.05572
21923033	-0.76605	-7.26512	-2.76766	0.340115	-0.00255726	0.0217367	3492600	0.634745	2.22293	0	2.07424
21923232	-0.642494	-9.90923	-4.20092	-0.23271	-0.010229	-0.0639314	3492800	0.634745	2.22293	0	2.09276
21923435	0.148268	-9.78567	-2.10046	0.205859	0.38231	0.147042	3493000	0.634745	2.22293	0	2.42612
21923644	-0.889606	-7.51223	-2.17459	0.0946185	-0.099733	0.182844	3493200	0.634745	2.22293	0	2.51872
21923832	-0.321247	-10.8483	-4.10207	-0.286413	0.190516	-0.0690459	3493400	0.634745	2.22293	0	2.85208
21924034	-0.593071	-9.58798	-0.593071	-0.157271	0.343951	0.118912	3493600	0.634745	2.22293	0	2.92616
21924234	-0.56836	-7.61108	-2.52055	-0.0537024	0.0191794	-0.12147	3493800	0.634745	2.22293	0	3.704
21924437	-0.420092	-10.7	-4.86812	-0.49355	-0.404047	0.00639314	3494000	0.634745	2.22293	0	3.83364
21924634	0.395381	-8.99491	-1.68037	0.0933399	-0.253168	-0.120191	3494200	0.634745	2.22293	0	3.81512
21924833	0.296535	-9.1926	-2.74295	-0.0792749	-0.0179008	0.184122	3494400	0.634745	2.22293	0	4.59296
21925035	-0.96374	-15.9141	2.54526	0.4846	0.364409	-0.370802	3494600	0.634745	2.22294	0	4.22256
21925232	-0.864895	-6.99329	-2.59469	0.143206	0.231432	-0.216088	3494800	0.634745	2.22294	0	4.14848
21925437	-0.543648	-10.9471	-4.42332	-0.250611	-0.164943	0.0306871	3495000	0.634745	2.22294	0	4.27812
21925634	0.889606	-7.95703	-2.6194	0.480764	0.301756	-0.218645	3495200	0.634745	2.22294	0	4.22256
21925833	-0.56836	-7.09214	-2.49584	0.0319657	-0.131699	0.233989	3495400	0.634746	2.22294	0	4.33368
21926033	-1.0873	-11.9356	-4.91755	-0.724982	-0.0230153	0.253168	3495600	0.634746	2.22294	0	4.40776
21926235	-0.518937	-8.40184	-1.80392	0.124027	0.282577	-0.13042	3495800	0.634746	2.22294	0	4.01884
21926436	-0.321247	-8.94549	-3.92909	-0.163664	0.00255726	-0.0140649	3496000	0.634746	2.22294	0	4.03736
21926631	0.271824	-12.6769	-2.94064	0.292806	0.101012	-0.240382	3496200	0.634746	2.22294	0	4.0744
21926830	-0.617782	-7.80877	-2.99007	0.0958971	-0.182844	0.0716032	3496400	0.634746	2.22294	0	3.9818
21927043	-0.741339	-10.1811	-3.92909	-0.425783	0.0613742	0.231432	3496600	0.634746	2.22294	0	4.11144
21927233	-0.395381	-8.03117	-1.50739	0.0485879	0.0230153	-0.0153435	3496800	0.634746	2.22294	0	4.11144
21927437	-0.494226	-6.82032	-3.0642	-0.0204581	0.135535	-0.143206	3497000	0.634746	2.22294	0	4.167
21927632	-0.172979	-10.7988	-5.18937	-0.296642	-0.10229	-0.0319657	3497200	0.634746	2.22294	0	4.59296
21927833	1.7545	-9.24202	-1.92748	0.267233	-0.439848	-0.190516	3497400	0.634746	2.22294	0	3.704
21928033	0.296535	-7.78406	-2.44642	-0.0856681	-0.0933399	0.237825	3497600	0.634746	2.22294	0	4.3522
21928233	-0.667205	-12.6522	-3.83025	0.0255726	0.0958971	-0.034523	3497800	0.634746	2.22294	0	4.29664
21928436	-1.0873	-7.68521	-2.42171	0.157271	0.0882253	-0.198187	3498000	0.634746	2.22294	0	4.27812
21928636	-1.3097	-8.82193	-3.55843	-0.283855	-0.0626528	-0.0933399	3498200	0.634746	2.22294	0	4.29664
21928833	1.03787	-11.7132	0.469514	0.613742	-0.222481	-0.23271	3498400	0.634746	2.22294	0	4.31516
21929035	-0.914318	-7.14156	-2.96535	0.0639314	-0.0473092	0.193073	3498600	0.634746	2.22294	0	4.18552
21929233	-0.76605	-10.1811	-4.54688	-0.450077	0.176451	0.0498665	3498800	0.634746	2.22294	0	4.167
21929436	-1.01316	-9.56327	-0.345958	-0.0332443	0.268512	0.0460306	3499000	0.634746	2.22294	0	4.12996
21929632	-0.840184	-6.96858	-2.17459	-0.0728818	0.116355	-0.118912	3499200	0.634746	2.22294	0	4.0744
21929833	-0.840184	-11.3919	-4.57159	-0.421947	-0.269791	0.0882253	3499400	0.634746	2.22294	0	4.09292
21930034	1.03787	-9.88452	-1.68037	0.0779963	-0.154714	-0.145764	3499600	0.634746	2.22294	0	3.75956
21930233	0.0988452	-7.8829	-2.17459	-0.200745	-0.00383588	0.305592	3499800	0.634746	2.22294	0	3.66696
21930436	-1.50739	-12.0344	-5.43648	-0.301756	0.170058	0.19563	3500000	0.634746	2.22294	0	4.12996
21930633	-0.741339	-8.1053	-2.397	0.38231	0.218645	-0.315821	3500200	0.634746	2.22294	0	3.6114
21930833	-0.222402	-9.56327	-3.83025	-0.21481	-0.108683	0.0537024	3500400	0.634746	2.22294	0	3.74104
21931035	0.642494	-10.1563	-1.7545	0.164943	-0.108683	-0.0140649	3500600	0.634746	2.22294	0	3.81512
21931235	-0.123556	-7.36396	-2.66882	0.118912	-0.0575383	0.126584	3500800	0.634746	2.22294	0	3.83364
21931436	-0.345958	-10.3293	-4.12679	-0.294084	0.0498665	0.108683	3501000	0.634746	2.22294	0	3.96328
21931633	-0.939029	-9.1926	-1.23556	0.240382	0.180287	0.0958971	3501200	0.634746	2.22294	0	3.87068
21931835	-0.518937	-8.35242	-2.44642	-0.135535	0.0434734	-0.152157	3501400	0.634746	2.22294	0	3.94476
21932045	-0.148268	-11.2683	-4.05265	-0.0511451	-0.196909	-0.191794	3501600	0.634746	2.22294	0	3.96328
21932243	0.148268	-9.11847	-1.92748	0.154714	-0.0958971	-0.0115077	3501800	0.634746	2.22294	0	3.94476
21932438	0.0247113	-8.08059	-3.08891	-0.397653	0.0140649	0.120191	3502000	0.634746	2.22294	0	3.96328
21932634	-0.395381	-12.3309	-2.79238	0.323493	0.185401	-0.115077	3502200	0.634746	2.22294	0	4.05588
21932832	-0.617782	-7.09214	-2.397	0.222481	0.176451	-0.181565	3502400	0.634746	2.22294	0	4.14848
21933035	-0.864895	-10.3293	-4.1515	-0.22376	-0.101012	-0.0153435	3502600	0.634746	2.22294	0	4.18552
21933232	0.271824	-9.09375	-1.82864	0.0575383	-0.153435	0.00383588	3502800	0.634746	2.22294	0	4.167
21933436	-0.296535	-7.38868	-2.02633	0.126584	-0.19563	0.145764	3503000	0.634746	2.22294	0	4.11144
21933644	-0.914318	-10.7	-4.5963	-0.365688	0.117634	-0.125306	3503200	0.634746	2.22294	0	4.03736
21933844	-0.617782	-10.1069	-1.28499	-0.0166222	0.249333	0.0434734	3503400	0.634746	2.22294	0	3.62992
21934033	-0.864895	-7.95703	-2.07575	-0.134256	0.0268512	-0.0600955	3503600	0.634746	2.22294	0	3.59288
21934244	-0.172979	-11.4907	-5.46119	-0.742883	-0.443684	0.147042	3503800	0.634746	2.22294	0	3.57436
21934439	0.0741339	-9.76096	-1.48268	0.15855	-0.10229	-0.18668	3504000	0.634746	2.22294	0	3.22248
21934639	0.0494226	-7.75934	-3.26189	-0.0843895	-0.0703246	0.205859	3504200	0.634746	2.22294	0	3.31508
21934845	-1.16143	-11.3425	-4.64572	-0.352901	0.0434734	0.0434734	3504400	0.634746	2.22294	0	3.87068
21935035	-1.06259	-8.94549	-2.47113	0.246775	0.190516	-0.0677673	3504600	0.634746	2.22294	0	3.85216
21935235	-0.96374	-8.92078	-3.65727	-0.294084	-0.0805536	-0.0255726	3504800	0.634746	2.22294	0	3.75956
21935447	0.0741339	-10.7	-2.76766	-0.0332443	-0.200745	0.00511451	3505000	0.634746	2.22294	0	3.704
21935635	-0.667205	-7.48752	-2.89122	0.118912	-0.0856681	0.0358016	3505200	0.634746	2.22294	0	3.07432
21935835	-1.16143	-9.43971	-4.20092	-0.364409	0.204581	0.0716032	3505400	0.634746	2.22294	0	2.9632
21936032	-0.988452	-9.8598	-0.914318	0.0779963	0.236546	0.15855	3505600	0.634746	2.22294	0	2.62984
21936233	-0.815473	-7.58637	-2.37228	0.0242939	0.311985	-0.132977	3505800	0.634746	2.22294	0	2.2224
21936435	-1.16143	-10.4035	-4.67043	-0.381031	-0.0690459	0.0779963	3506000	0.634746	2.22294	0	2.25944
21936642	0.914318	-8.87135	-2.22402	0.190516	-0.221203	-0.0434734	3506200	0.634746	2.22294	0	2.25944
21936833	-0.691916	-8.25357	-1.87806	-0.0473092	0.372081	0.250611	3506400	0.634746	2.22294	0	2.20388
21937042	-1.5321	-10.4529	-3.58314	-0.388703	1.10601	0.492272	3506600	0.634746	2.22294	0	2.1298
21937235	-1.35912	-9.76096	-1.13672	0.118912	1.3758	0.45647	3506800	0.634746	2.22294	0	1.61124
21937440	-0.56836	-8.9702	-1.87806	0.054981	1.37325	0.346508	3507000	0.634746	2.22294	0	1.55568
21937637	0.0247113	-10.7741	-2.56997	0.189237	0.744162	0.248054	3507200	0.634746	2.22294	0	1.05564
21937837	1.0873	-8.9702	-1.06259	0.126584	0.730097	0.432176	3507400	0.634746	2.22294	0	1.07416
21938037	-0.247113	-9.31616	-2.05104	-0.182844	0.54981	0.23271	3507600	0.634746	2.22294	0	1.1112
21938236	-0.222402	-10.9965	-2.8418	-0.537024	0.613742	0.143206	3507800	0.634746	2.22294	0	1.14824
21938439	-0.864895	-8.55011	-1.90277	0.170058	0.306871	0.06521	3508000	0.634746	2.22294	0	1.18528
21938635	-0.543648	-9.78567	-3.31131	-0.0204581	0.159829	0.0319657	3508200	0.634746	2.22294	0	1.1112
21938835	0.642494	-11.0707	-2.89122	0.207138	-0.172615	0.1496	3508400	0.634746	2.22294	0	1.16676
21939032	0.172979	-7.95703	-2.89122	0.0217367	-0.104848	0.198187	3508600	0.634747	2.22294	0	1.18528
21939233	-0.667205	-10.0575	-3.41016	-0.322214	0.0831108	-0.0204581	3508800	0.634747	2.22294	0	1.24084
21939447	-0.642494	-9.68683	-0.667205	-0.00767177	0.147042	-0.141928	3509000	0.634747	2.22294	0	1.33344
21939632	-1.13672	-7.93232	-1.92748	0.0255726	-0.0524238	-0.136813	3509200	0.634747	2.22294	0	1.42604
21939832	-0.790761	-10.9224	-3.65727	-0.250611	-0.089504	-0.00767177	3509400	0.634747	2.22294	0	1.4816
21940031	1.26028	-9.88452	-0.790761	-0.0255726	0.0958971	0.101012	3509600	0.634747	2.22294	0	1.53716
21940233	-0.0741339	-7.85819	-2.14988	-0.157271	0.0971757	0.200745	3509800	0.634747	2.22294	0	1.9446
21940437	-0.247113	-12.0097	-2.71824	-0.230153	0.257004	0.0166222	3510000	0.634747	2.22294	0	2.25944
21940634	-0.914318	-7.75934	-2.00161	0.219924	0.143206	-0.0958971	3510200	0.634747	2.22294	0	2.27796
21940834	-1.03787	-9.46442	-3.70669	-0.242939	-0.164943	0.190516	3510400	0.634747	2.22294	0	2.29648
21941032	-0.0247113	-9.83509	-2.05104	0.23271	-0.111241	-0.246775	3510600	0.634747	2.22294	0	2.315
21941228	-0.642494	-7.2157	-1.90277	-0.0856681	-0.15855	0.0741604	3510800	0.634747	2.22294	0	2.33352
21941443	-0.76605	-11.4907	-4.07736	-0.4846	0.0741604	0.00383588	3511000	0.634747	2.22294	0	2.35204
21941633	-0.939029	-9.48913	-1.40854	0.109962	0.26084	-0.0115077	3511200	0.634747	2.22294	0	2.38908
21941831	-1.01316	-8.67366	-2.397	-0.219924	0.0242939	-0.089504	3511400	0.634747	2.22294	0	2.38908
21942030	0.345958	-13.1958	-2.47113	0.352901	-0.0613742	-0.199466	3511600	0.634747	2.22294	0	2.42612
21942229	-0.395381	-7.90761	-2.71824	0.242939	-0.107405	-0.129141	3511800	0.634747	2.22294	0	2.42612
21942433	-0.420092	-9.29144	-2.99007	-0.310707	0.0421947	0.0613742	3512000	0.634747	2.22294	0	3.0558
21942628	-0.345958	-10.4282	0.0247113	0.265955	0.182844	-0.0690459	3512200	0.634747	2.22294	0	2.98172
21942828	-0.840184	-7.48752	-1.95219	-0.0716032	0.166222	-0.217367	3512400	0.634747	2.22294	0	2.98172
21943029	-0.321247	-11.0707	-4.39861	-0.368245	-0.258283	0.106126	3512600	0.634747	2.22294	0	3.38916
21943238	1.06259	-8.94549	-1.65566	0.166222	-0.175172	-0.101012	3512800	0.634747	2.22294	0	3.31508
21943433	0	-7.78406	-2.17459	-0.187958	-0.0818322	0.145764	3513000	0.634747	2.22294	0	3.77808
21943630	-0.518937	-11.6143	-3.23718	0.0473092	0.0319657	-0.0460306	3513200	0.634747	2.22294	0	3.81512
21943831	-0.889606	-8.35242	-1.72979	0.343951	0.0498665	-0.199466	3513400	0.634747	2.22294	0	3.77808
21944037	-0.617782	-10.0328	-3.23718	-0.272348	-0.104848	0.0907826	3513600	0.634747	2.22294	0	4.24108
21944228	0.741339	-9.78567	-2.17459	0.346508	0.0920612	-0.36313	3513800	0.634747	2.22294	0	3.62992
21944431	-0.321247	-7.46281	-2.17459	0	-0.0613742	0.230153	3514000	0.634747	2.22294	0	3.62992
21944638	-0.815473	-10.9965	-4.05265	-0.397653	0.122748	-0.0255726	3514200	0.634747	2.22294	0	3.75956
21944829	-0.56836	-9.46442	-0.76605	-0.0255726	0.291527	0.144485	3514400	0.634747	2.22294	0	3.46324
21945026	-0.914318	-7.61108	-1.87806	-0.111241	0.0907826	-0.0677673	3514600	0.634747	2.22294	0	3.85216
21945228	-0.76605	-11.3178	-5.06581	-0.314543	-0.349066	0.141928	3514800	0.634747	2.22294	0	4.38924
21945430	0.420092	-8.84664	-1.85335	0.324772	-0.0230153	-0.172615	3515000	0.634747	2.22294	0	4.42628
21945627	-0.0494226	-8.69837	-2.52055	-0.173893	0.116355	0.129141	3515200	0.634747	2.22294	0	5.03744
21945826	0.222402	-12.3062	-1.11201	0.152157	0.126584	0.0153435	3515400	0.634747	2.22294	0	4.7226
21946027	-0.96374	-6.62263	-2.42171	0.0319657	0.187958	-0.147042	3515600	0.634747	2.22294	0	4.75964
21946227	-0.395381	-11.1448	-3.68198	-0.176451	-0.187958	0.0421947	3515800	0.634747	2.22294	0	4.8152
21946431	0.815473	-9.93394	-0.840184	-0.0779963	-0.0754391	-0.0089504	3516000	0.634747	2.22294	0	4.31516
21946626	-0.271824	-7.61108	-1.87806	-0.0741604	-0.0537024	0.26084	3516200	0.634747	2.22294	0	4.3522
21946838	-0.469514	-12.6275	-2.99007	0.0818322	0.112519	-0.210974	3516400	0.634747	2.22294	0	4.00032
21947027	-0.96374	-7.80877	-1.92748	0.0971757	0.116355	-0.208416	3516600	0.634748	2.22294	0	3.8892
21947227	-1.03787	-10.1316	-3.08891	-0.242939	-0.0856681	0.0639314	3516800	0.634748	2.22294	0	4.01884
21947432	0.321247	-9.66211	-1.9769	0.163664	-0.248054	-0.233989	3517000	0.634748	2.22294	0	3.96328
21947626	-0.617782	-7.78406	-2.02633	0.154714	-0.0166222	0.129141	3517200	0.634748	2.22294	0	3.94476
21947824	-0.593071	-10.7741	-3.78083	-0.494829	0.159829	0.0358016	3517400	0.634748	2.22294	0	4.24108
21948024	-0.642494	-9.61269	-1.38383	-0.0140649	0.304314	-0.155993	3517600	0.634748	2.22294	0	4.11144
21948225	-1.03787	-7.33925	-2.07575	-0.122748	0.140649	-0.0779963	3517800	0.634748	2.22294	0	4.11144
21948432	-1.11201	-11.1201	-5.38706	-0.315821	-0.32605	0.196909	3518000	0.634748	2.22294	0	4.20404
21948627	0.444803	-8.79722	-1.33441	0.0434734	-0.13937	-0.157271	3518200	0.634748	2.22294	0	4.09292
21948827	-0.247113	-8.55011	-2.10046	-0.166222	0.0179008	0.124027	3518400	0.634748	2.22294	0	4.5374
21949027	-0.444803	-13.4429	-2.10046	0.320936	0.129141	-0.0319657	3518600	0.634748	2.22294	0	4.48184
21949227	-0.370669	-7.06743	-2.47113	0.117634	0.244218	-0.22376	3518800	0.634748	2.22294	0	4.40776
21949430	-0.518937	-10.873	-4.17621	-0.29792	-0.157271	0.189237	3519000	0.634748	2.22294	0	4.50036
21949631	0.716627	-10.1069	-0.395381	0.124027	-0.176451	0.0306871	3519200	0.634748	2.22294	0	3.77808
21949838	0.0988452	-7.16627	-1.82864	-0.204581	-0.153435	0.28897	3519400	0.634748	2.22294	0	3.75956
21950027	-0.939029	-11.8861	-4.94226	-0.204581	-0.0217367	0.0485879	3519600	0.634748	2.22294	0	4.18552
21950226	-1.28499	-9.34087	-1.9769	0.164943	0.113798	-0.343951	3519800	0.634748	2.22294	0	4.09292
21950432	-1.11201	-9.16789	-3.08891	-0.18668	-0.0524238	-0.0779963	3520000	0.634748	2.22294	0	4.38924
21950628	0.790761	-12.2074	-3.03949	0.306871	-0.185401	-0.0153435	3520200	0.634748	2.22294	0	3.87068
21950827	-0.370669	-7.56165	-2.29815	0.282577	0.0792749	-0.00255726	3520400	0.634748	2.22294	0	3.7966
21951028	-0.420092	-8.94549	-3.90438	-0.507615	0.0933399	0.0818322	3520600	0.634748	2.22294	0	4.50036
21951227	-0.815473	-9.6374	-0.395381	0.0728818	0.210974	0.054981	3520800	0.634748	2.22294	0	4.40776
21951432	-0.321247	-7.28983	-1.9769	0.0127863	0.191794	-0.124027	3521000	0.634748	2.22294	0	4.51888
21951628	-0.444803	-11.0212	-4.86812	-0.341394	-0.18668	0.0268512	3521200	0.634748	2.22294	0	5.29672
21951827	0.617782	-10.0328	-1.48268	-0.0843895	-0.0703246	-0.0537024	3521400	0.634748	2.22294	0	4.77816
21952028	-0.494226	-7.85819	-1.60623	0.0332443	0.245497	0.202023	3521600	0.634748	2.22294	0	5.22264
21952227	-0.691916	-11.3919	-4.29976	-0.544696	0.368245	0.28897	3521800	0.634748	2.22294	0	5.24116
21952431	-0.667205	-9.11847	-1.50739	0.127863	0.627806	-0.054981	3522000	0.634748	2.22294	0	4.03736
21952637	-1.06259	-8.55011	-2.1993	0.00127863	0.433455	-0.0179008	3522200	0.634748	2.22294	0	4.3522
21952837	-1.58152	-10.5517	-3.36074	-0.154714	0.567711	0.337558	3522400	0.634748	2.22294	0	4.31516
21953026	0.469514	-10.0081	0.0988452	-0.207138	1.31443	0.684066	3522600	0.634748	2.22294	0	3.7966
21953226	0.518937	-7.95703	-1.77921	0.129141	1.56376	0.815765	3522800	0.634748	2.22294	0	3.77808
21953441	0.345958	-10.8483	-4.07736	-0.409161	1.25178	0.663608	3523000	0.634748	2.22294	0	3.74104
21953627	-0.815473	-9.24202	-1.65566	-0.0242939	0.77357	0.373359	3523200	0.634748	2.22294	0	3.37064
21953837	-1.16143	-7.90761	-2.71824	-0.0818322	0.465421	-0.116355	3523400	0.634748	2.22294	0	3.38916
21954027	0.0988452	-11.1695	-5.0411	-0.361852	-0.0920612	-0.0575383	3523600	0.634748	2.22294	0	3.4262
21954227	0.988452	-8.7478	-0.741339	-0.00511451	-0.286413	0.218645	3523800	0.634748	2.22294	0	3.40768
21954431	-0.0988452	-9.16789	-2.05104	-0.19563	-0.0268512	0.157271	3524000	0.634748	2.22294	0	3.85216
21954626	-0.518937	-12.0344	-3.03949	0.0140649	0.28002	0.0716032	3524200	0.634748	2.22294	0	4.27812
21954827	-0.790761	-8.25357	-2.52055	0.372081	0.22376	-0.285134	3524400	0.634748	2.22294	0	4.22256
21955026	-0.864895	-9.81038	-3.60785	-0.416833	0.0434734	0.173893	3524600	0.634748	2.22294	0	4.29664
21955226	1.03787	-11.639	-1.92748	0.443684	0.35418	0.0588169	3524800	0.634748	2.22294	0	4.33368
21955441	-1.33441	-6.67205	-2.54526	0.00383588	-0.124027	0.0716032	3525000	0.634748	2.22294	0	4.37072
21955628	-0.939029	-9.21731	-4.3739	-0.517844	0.292806	-0.127863	3525200	0.634748	2.22294	0	4.4448
21955830	0.395381	-7.98175	-0.593071	1.50367	-0.467978	-0.690459	3525400	0.634748	2.22294	0	4.51888
21956027	-0.395381	-7.01801	-1.43325	0.0716032	0.226317	-0.239103	3525600	0.634748	2.22294	0	4.61148
21956229	-0.494226	-11.4413	-4.49745	-0.222481	-0.3171	0.175172	3525800	0.634748	2.22294	0	4.64852
21956430	0.914318	-9.21731	-1.38383	-0.0882253	-0.0920612	0.0396375	3526000	0.634748	2.22294	0	2.81504
21956638	0.271824	-8.79722	-2.27344	-0.147042	0.0166222	0.204581	3526200	0.634748	2.22294	0	3.90772
21956840	0.0988452	-12.6522	-1.38383	0.0230153	0.212252	-0.0511451	3526400	0.634748	2.22294	0	3.50028
21957027	-1.01316	-7.51223	-2.34757	0.337558	0.131699	-0.15855	3526600	0.634748	2.22294	0	3.4262
21957226	-0.790761	-10.5764	-3.78083	-0.244218	-0.144485	-0.107405	3526800	0.634748	2.22294	0	3.92624
21957431	0.642494	-9.68683	-2.05104	0.271069	-0.177729	0.0818322	3527000	0.634748	2.22294	0	2.20388
21957627	-0.247113	-7.41339	-1.85335	0.0409161	-0.0843895	0.194351	3527200	0.634748	2.22294	0	2.66688
21957826	-1.28499	-11.1942	-4.44803	-0.313264	-0.0127863	-0.0383588	3527400	0.634748	2.22294	0	3.25952
21958026	-0.593071	-8.99491	-0.96374	0.187958	0.282577	-0.00511451	3527600	0.634748	2.22294	0	3.22248
21958226	-0.889606	-9.24202	-2.37228	-0.144485	0.212252	-0.054981	3527800	0.634748	2.22294	0	3.53732
21958432	-0.0741339	-12.7757	-3.08891	0.0767177	-0.113798	-0.185401	3528000	0.634748	2.22294	0	3.6114
21958627	0.345958	-8.17944	-2.00161	0.179008	-0.13042	-0.150878	3528200	0.634748	2.22294	0	3.6114
21958826	0.172979	-9.53856	-3.509	-0.3171	0	0.12147	3528400	0.634748	2.22294	0	4.64852
21959025	-0.444803	-10.8235	-0.790761	0.0319657	-0.044752	0.145764	3528600	0.634748	2.22293	0	3.03728
21959237	-0.543648	-7.2157	-2.12517	0.101012	0.176451	-0.207138	3528800	0.634748	2.22293	0	3.46324
21959441	-0.593071	-11.2436	-4.71986	-0.383588	-0.138092	-0.101012	3529000	0.634748	2.22293	0	3.83364
21959629	0.96374	-9.81038	-1.23556	-0.120191	-0.246775	0.0728818	3529200	0.634748	2.22293	0	2.5002
21959829	-0.0741339	-7.61108	-1.87806	0.010229	-0.0230153	0.375917	3529400	0.634748	2.22293	0	3.01876
21960037	-0.667205	-11.7626	-5.46119	-0.595841	-0.0473092	0.301756	3529600	0.634748	2.22293	0	3.07432
21960227	-1.13672	-7.8829	-2.29815	0.423226	0.0754391	-0.171336	3529800	0.634748	2.22293	0	3.07432
21960432	-0.395381	-9.73625	-3.70669	-0.0831108	-0.0575383	-0.099733	3530000	0.634748	2.22293	0	3.37064
21960627	0.642494	-11.2436	-2.6194	0.218645	-0.177729	-0.209695	3530200	0.634748	2.22293	0	2.778
21960828	-0.96374	-6.99329	-2.6194	0.106126	-0.0332443	0.12147	3530400	0.634748	2.22293	0	2.74096
21961026	-0.914318	-10.2305	-3.85496	-0.372081	0.159829	0.103569	3530600	0.634748	2.22293	0	3.38916
21961227	-0.420092	-9.24202	-0.840184	0.13042	0.240382	0.136813	3530800	0.634748	2.22293	0	3.38916
21961430	-0.889606	-7.41339	-2.52055	-0.337558	0.126584	-0.0767177	3531000	0.634748	2.22293	0	3.37064
21961639	-0.840184	-11.4413	-5.36235	-0.554925	-0.0741604	0.196909	3531200	0.634748	2.22293	0	3.35212
21961828	1.11201	-9.6374	-2.32286	0.319657	-0.208416	-0.304314	3531400	0.634748	2.22293	0	3.37064
21962026	-0.518937	-7.48752	-2.89122	-0.0600955	-0.0537024	0.198187	3531600	0.634748	2.22293	0	3.38916
21962226	-0.790761	-12.4051	-3.92909	-0.187958	0.0613742	0.347787	3531800	0.634748	2.22293	0	3.3336
21962430	-1.13672	-7.36396	-2.99007	0.254447	0.180287	-0.235268	3532000	0.634748	2.22293	0	3.31508
21962629	-1.33441	-9.09375	-4.62101	-0.250611	0.054981	-0.0434734	3532200	0.634748	2.22293	0	3.37064
21962829	0.148268	-10.7988	-2.59469	-0.0843895	-0.0332443	-0.0460306	3532400	0.634748	2.22293	0	3.38916
21963025	-1.55681	-6.47436	-2.89122	0.319657	-0.1496	0.107405	3532600	0.634748	2.22293	0	3.40768
21963226	-0.790761	-10.2799	-5.41177	-0.06521	0.190516	-0.0907826	3532800	0.634748	2.22293	0	3.46324
21963431	-0.494226	-9.43971	-1.63095	0.111241	0.0767177	-0.138092	3533000	0.634748	2.22293	0	3.50028
21963630	-0.741339	-6.59791	-2.8418	-0.132977	0.171336	-0.147042	3533200	0.634748	2.22293	0	3.55584
21963827	-0.345958	-11.2683	-5.85658	-0.388703	-0.240382	0.0498665	3533400	0.634748	2.22293	0	3.53732
21964026	0.593071	-8.79722	-2.12517	0.126584	-0.125306	-0.241661	3533600	0.634748	2.22293	0	3.07432
21964230	-0.469514	-7.48752	-3.33602	-0.0358016	0.0971757	0.349066	3533800	0.634748	2.22293	0	3.20396
21964433	-0.741339	-12.0097	-4.62101	-1.02418	0.421947	0.530631	3534000	0.634748	2.22293	0	3.20396
21964633	-0.593071	-7.93232	-3.01478	0.108683	0.250611	-0.248054	3534200	0.634748	2.22293	0	3.31508
21964832	-0.815473	-9.04433	-5.23879	-0.378474	0.124027	0.0524238	3534400	0.634748	2.22293	0	3.37064
21965040	0.370669	-9.04433	-2.29815	0.145764	-0.191794	-0.226317	3534600	0.634748	2.22293	0	3.72252
21965228	-1.0873	-6.07898	-3.16304	-0.0626528	0.154714	0.263397	3534800	0.634748	2.22293	0	3.83364
21965434	-0.815473	-10.4529	-7.26512	-0.398932	0.226317	-0.0294084	3535000	0.634748	2.22293	0	3.85216
21965632	-1.5321	-8.47597	-2.37228	0.225039	0.352901	0.295363	3535200	0.634748	2.22293	0	4.40776
21965829	-0.988452	-7.83348	-3.85496	-0.044752	0.180287	-0.0677673	3535400	0.634748	2.22293	0	3.72252
21966027	-0.96374	-9.73625	-8.05588	-0.398932	-0.173893	-0.338836	3535600	0.634748	2.22293	0	4.66704
21966226	0.741339	-8.7478	-2.27344	0.360573	-0.386146	0.0127863	3535800	0.634748	2.22293	0	4.70408
21966434	-0.395381	-8.05588	-4.29976	-0.323493	0.118912	0.103569	3536000	0.634748	2.22293	0	4.40776
21966634	-0.864895	-11.4413	-3.70669	0.161107	-0.0191794	0.159829	3536200	0.634748	2.22293	0	4.46332
21966830	-1.16143	-6.30138	-2.76766	0.0294084	0.26084	-0.0664887	3536400	0.634748	2.22293	0	3.87068
21967032	-1.06259	-9.88452	-5.65889	-0.277462	0.10229	0.00127863	3536600	0.634747	2.22293	0	3.87068
21967227	0.370669	-9.09375	-3.21247	0.0933399	-0.115077	0.00255726	3536800	0.634747	2.22293	0	3.90772
21967432	-1.21085	-7.04272	-3.70669	-0.116355	-0.0306871	0.230153	3537000	0.634747	2.22293	0	3.46324
21967627	-1.23556	-10.4035	-4.94226	-0.242939	0.479486	0.175172	3537200	0.634747	2.22293	0	4.05588
21967828	-1.28499	-9.46442	-1.90277	0.492272	0.347787	-0.0140649	3537400	0.634747	2.22293	0	2.48168
21968027	-1.26028	-9.21731	-2.6194	-0.0179008	0.531909	-0.122748	3537600	0.634747	2.22293	0	2.46316
21968227	0.0247113	-11.4907	-2.96535	-0.0869467	0.398932	0.0856681	3537800	0.634747	2.22293	0	2.44464
21968441	-0.691916	-9.66211	-0.864895	0.379753	0.262119	0.0933399	3538000	0.634747	2.22293	0	2.35204
21968640	-1.23556	-9.34087	-1.92748	-0.0971757	1.14437	0.405325	3538200	0.634747	2.22293	0	2.27796
21968827	-0.345958	-9.46442	-2.1993	-0.162386	1.79775	0.724982	3538400	0.634747	2.22293	0	1.88904
21969028	-0.988452	-9.31616	-2.89122	0.145764	1.39882	0.659772	3538600	0.634747	2.22293	0	1.50012
21969236	-1.03787	-8.50068	-3.36074	0.0217367	0.96025	0.253168	3538800	0.634747	2.22293	0	1.18528
21969429	-0.172979	-11.3178	-3.43487	0.0409161	0.35418	0.0882253	3539000	0.634747	2.22293	0	1.12972
21969626	-0.123556	-9.09375	-1.18614	0.0115077	-0.250611	-0.162386	3539200	0.634747	2.22293	0	1.12972
21969827	-0.395381	-9.14318	-2.89122	0.129141	0.099733	0.0869467	3539400	0.634747	2.22293	0	2.09276
21970027	-1.3097	-12.0097	-2.10046	-0.0869467	0.0434734	-0.0421947	3539600	0.634747	2.22293	0	1.72236
21970228	-1.3097	-7.46281	-2.6194	-0.0843895	0.0562596	-0.13937	3539800	0.634747	2.22293	0	2.0372
21970431	-0.939029	-11.3425	-4.42332	-0.168779	-0.0294084	0.00639314	3540000	0.634747	2.22293	0	3.1484
21970631	0.123556	-9.04433	-3.26189	-0.218645	-0.306871	0.0473092	3540200	0.634747	2.22293	0	2.27796
21970828	-1.65566	-6.94387	-3.08891	-0.0358016	-0.172615	0.22376	3540400	0.634747	2.22293	0	2.88912
21971027	-1.0873	-10.4282	-4.69514	-0.250611	0.199466	-0.12147	3540600	0.634747	2.22293	0	4.48184
21971227	-1.16143	-8.94549	-2.00161	0.202023	0.267233	-0.0332443	3540800	0.634747	2.22293	0	2.88912
21971432	-0.840184	-7.61108	-3.41016	-0.101012	0.172615	-0.257004	3541000	0.634747	2.22293	0	4.7226
21971629	-0.667205	-10.9471	-5.58475	-0.115077	-0.230153	-0.0600955	3541200	0.634747	2.22293	0	4.63
21971828	-0.469514	-9.16789	-1.60623	0.1675	-0.231432	0.318378	3541400	0.634747	2.22293	0	3.03728
21972027	-1.11201	-8.13001	-3.38545	-0.193073	0.199466	0.26084	3541800	0.634747	2.22293	0	4.11144
21972438	-0.716627	-6.82032	-2.69353	0.0179008	0.286413	-0.230153	3542000	0.634747	2.22293	0	3.50028
21972634	-0.593071	-9.56327	-3.90438	-0.0089504	0.0421947	-0.198187	3542200	0.634747	2.22293	0	4.51888
21972832	0.617782	-9.6374	-3.11362	0.191794	-0.0358016	-0.126584	3542400	0.634747	2.22293	0	3.27804
21973032	0.395381	-7.75934	-1.90277	-0.0153435	-0.117634	0.00255726	3542600	0.634747	2.22293	0	2.37056
21973230	0.0247113	-10.4035	-3.92909	-0.113798	0.109962	0.395096	3542800	0.634747	2.22293	0	3.37064
21973432	-0.864895	-10.3787	-2.34757	0.0319657	0.189237	0.0383588	3543000	0.634747	2.22293	0	3.22248
21973628	-0.321247	-7.61108	-2.76766	2.06243	-0.010229	-0.411718	3543200	0.634747	2.22293	0	4.27812
21973828	-0.172979	-12.0838	1.95219	0.754391	-0.313264	0.327329	3543400	0.634747	2.22293	0	3.46324
21974038	0.494226	-8.92078	2.52055	-1.52668	0.386146	-0.0153435	3543600	0.634747	2.22293	0	3.74104
21974228	1.16143	-9.95865	7.46281	0.379753	0.313264	-0.0600955	3543800	0.634747	2.22293	0	3.75956
21974432	-0.889606	-9.46442	2.12517	0.254447	-0.010229	0.0306871	3544000	0.634747	2.22293	0	3.77808
21974630	-1.06259	-9.46442	2.89122	0.184122	0.129141	-0.365688	3544200	0.634747	2.22293	0	3.4262
21974833	0.345958	-11.1695	0.247113	0.10229	-0.112519	-0.111241	3544400	0.634747	2.22293	0	3.83364
21975032	0.96374	-9.66211	3.13833	0.0792749	0.217367	0.209695	3544600	0.634747	2.22293	0	3.92624
21975229	0.271824	-8.62424	1.92748	-0.329886	0.145764	0.0882253	3544800	0.634747	2.22293	0	3.48176
21975434	-0.247113	-11.9603	1.18614	0.0127863	0.054981	-0.131699	3545000	0.634747	2.22293	0	3.85216
21975632	0.148268	-10.1811	1.55681	0.145764	0.134256	0.00255726	3545200	0.634747	2.22293	0	3.81512
21975833	-1.38383	-8.9702	0.345958	-0.771013	-0.153435	0.0230153	3545400	0.634747	2.22293	0	3.704
21976032	1.23556	-12.5286	3.75612	0.0370802	-0.0767177	0.309428	3545600	0.634747	2.22293	0	3.77808
21976232	-1.40854	-7.75934	0.518937	-0.749276	-0.387424	0.0882253	3545800	0.634747	2.22293	0	3.75956
21976437	-0.642494	-11.3919	0.321247	-0.274905	0.138092	-0.0294084	3546000	0.634746	2.22293	0	3.27804
21976636	-0.56836	-9.93394	3.7314	-0.0358016	0.222481	-0.177729	3546200	0.634746	2.22293	0	3.3336
21976836	-0.939029	-9.39029	1.3097	-0.125306	0.0907826	-0.162386	3546400	0.634746	2.22293	0	3.35212
21977036	-0.642494	-11.9356	0.148268	-1.26201	-0.131699	0.150878	3546600	0.634746	2.22293	0	4.20404
21977234	0.271824	-9.83509	1.50739	-0.0588169	-0.0907826	-0.0255726	3546800	0.634746	2.22293	0	4.29664
21977436	-0.345958	-8.94549	0.988452	-0.81065	-0.010229	0.0575383	3547000	0.634746	2.22293	0	3.55584
21977633	-0.815473	-12.4298	1.13672	0.590726	0.64315	-0.274905	3547200	0.634746	2.22293	0	4.31516
21977833	-0.889606	-6.62263	0.494226	-0.4846	0.240382	-0.0767177	3547400	0.634746	2.22293	0	4.20404
21978032	-0.716627	-12.8252	-0.988452	-0.756948	-0.0779963	0.181565	0	0	0	0	0
21978070	-0.518937	-13.4677	-1.16143	-1.08939	-0.313264	0.271069	3547600	0.634746	2.22293	0	4.09292
21978231	1.35912	-9.34087	2.49584	-0.148321	-0.0933399	-0.1496	3547800	0.634746	2.22293	0	4.12996
21978436	0.0988452	-7.75934	0.864895	0.476928	-0.120191	0.161107	3548000	0.634746	2.22293	0	4.0744
21978634	-0.96374	-12.7016	-1.60623	-2.2555	0.303035	0.117634	0	0	0	0	0
21978696	-0.691916	-10.1563	-0.0247113	2.31176	-0.450077	-0.0485879	3548200	0.634746	2.22293	0	4.14848
21978833	-0.741339	-7.98175	-0.0494226	-1.2326	0.235268	-0.148321	3548400	0.634746	2.22293	0	4.05588
21979031	-0.96374	-11.1448	-1.82864	-1.23132	-0.0127863	0.0524238	3548600	0.634746	2.22293	0	3.53732
21979232	0.741339	-9.46442	-0.840184	1.35151	-0.377195	-0.218645	3548800	0.634746	2.22293	0	4.61148
21979444	-0.271824	-6.82032	-1.9769	-1.76962	0.117634	0.473092	3549000	0.634746	2.22293	0	4.57444
21979630	-1.23556	-11.4166	-4.29976	-0.337558	0.176451	0.0843895	3549200	0.634746	2.22293	0	4.18552
21979835	-0.864895	-9.51385	-1.63095	0.328607	0.152157	-0.134256	3549400	0.634746	2.22293	0	4.12996
21980033	-0.617782	-9.29144	-2.59469	-0.159829	0.0498665	-0.157271	3549600	0.634746	2.22293	0	4.46332
21980232	1.82864	-13.2947	-0.19769	0.0268512	0.00511451	-0.0524238	3549800	0.634746	2.22293	0	3.81512
21980445	-0.247113	-7.95703	-2.29815	0.159829	-0.190516	0.157271	3550000	0.634746	2.22293	0	3.07432
21980635	-0.444803	-10.4529	-2.54526	-0.378474	0.0818322	-0.0920612	3550200	0.634746	2.22293	0	4.50036
21980835	-0.494226	-9.46442	-0.593071	0.0575383	0.231432	0.0907826	3550400	0.634746	2.22293	0	3.704
21981032	-0.494226	-7.98175	-2.17459	-0.112519	0.145764	-0.155993	3550600	0.634746	2.22293	0	4.18552
21981235	-0.345958	-10.8235	-3.2866	-0.222481	-0.332443	-0.00639314	3550800	0.634746	2.22293	0	4.0744
21981436	0.543648	-8.67366	-2.24873	0.175172	-0.010229	0.0332443	3551000	0.634746	2.22293	0	2.72244
21981635	-0.593071	-8.89606	-2.8418	-0.240382	0.0664887	0.12147	3551200	0.634746	2.22293	0	3.07432
21981833	-0.123556	-12.0097	-0.321247	0.276184	0.143206	0.00511451	3551400	0.634746	2.22293	0	2.72244
21982033	-0.469514	-6.82032	-2.14988	0.0332443	0.263397	-0.263397	3551600	0.634746	2.22293	0	3.09284
21982233	-0.123556	-11.8861	-4.27505	-0.301756	-0.241661	0.0179008	3551800	0.634746	2.22293	0	3.40768
21982436	1.70508	-10.2305	-0.815473	-0.0191794	-0.168779	0.0153435	3552000	0.634746	2.22293	0	3.00024
21982633	0.0247113	-7.38868	-1.43325	-0.0843895	-0.135535	0.210974	3552200	0.634746	2.22293	0	3.48176
21982834	-0.840184	-12.4298	-3.80554	-0.0191794	0.0600955	0.0754391	3552400	0.634746	2.22293	0	3.85216
21983033	-0.840184	-8.42655	-2.32286	0.246775	0.117634	-0.333722	3552600	0.634746	2.22293	0	3.77808
21983233	-0.593071	-9.09375	-3.45958	-0.273626	-0.112519	0.010229	3552800	0.634746	2.22293	0	4.22256
21983438	0.370669	-10.7494	-1.90277	-0.221203	-0.044752	-0.244218	3553000	0.634746	2.22293	0	3.0558
21983636	-1.03787	-7.2157	-3.13833	0.0958971	-0.0153435	0.340115	3553200	0.634746	2.22293	0	2.9632
21983835	-0.988452	-9.78567	-4.29976	-0.231432	0.401489	0.131699	3553400	0.634746	2.22293	0	4.38924
21984033	-1.48268	-9.31616	-1.33441	0.439848	0.388703	-0.170058	3553600	0.634745	2.22293	0	3.241
21984233	-1.18614	-7.85819	-2.07575	-0.127863	0.361852	-0.112519	3553800	0.634745	2.22293	0	3.11136
21984437	-1.21085	-11.1201	-4.3739	-0.241661	0.0933399	0.253168	3554000	0.634745	2.22294	0	3.44472
21984634	0.593071	-10.6011	0.469514	-0.350344	0.668723	0.249333	3554200	0.634745	2.22294	0	2.94468
21984832	-0.395381	-8.17944	-1.21085	0.0690459	1.19424	0.640593	3554400	0.634745	2.22294	0	3.3336
21985033	-0.148268	-9.66211	-3.92909	-0.06521	1.30164	0.54981	3554600	0.634745	2.22294	0	2.72244
21985232	-0.741339	-9.39029	-1.03787	0.200745	1.27479	0.522959	0	0	0	0	0
21985260	-1.38383	-8.59953	-1.82864	0.0984544	1.17634	0.710917	3554800	0.634745	2.22294	0	1.88904
21985438	-0.988452	-8.67366	-2.56997	0.147042	1.0651	0.222481	3555000	0.634745	2.22294	0	1.53716
21985635	-0.172979	-10.7494	-5.43648	-0.494829	0.450077	0.248054	3555200	0.634745	2.22294	0	1.46308
21985836	0.617782	-9.78567	-2.14988	0.129141	-0.0217367	0.0575383	3555400	0.634745	2.22294	0	1.40752
21986033	-0.271824	-7.53694	-2.76766	-0.125306	0.202023	0.236546	3555600	0.634745	2.22294	0	1.83348
21986234	-0.840184	-10.9471	-4.49745	-0.245497	0.22376	0.144485	3555800	0.634745	2.22294	0	1.98164
21986436	-0.864895	-8.40184	-2.76766	0.200745	0.0741604	-0.0255726	3556000	0.634745	2.22294	0	2.29648
21986633	-0.790761	-8.94549	-4.10207	-0.278741	0.0153435	-0.00767177	3556200	0.634745	2.22294	0	2.37056
21986843	0.0741339	-10.4529	-1.92748	0.0869467	-0.32605	-0.135535	3556400	0.634745	2.22294	0	2.46316
21987044	-1.26028	-7.26512	-2.89122	0.166222	-0.253168	0.144485	3556600	0.634745	2.22294	0	2.55576
21987232	-1.21085	-10.9224	-4.07736	-0.304314	0.19563	-0.0191794	3556800	0.634745	2.22294	0	2.64836
21987436	-1.18614	-8.05588	-1.87806	0.196909	0.222481	-0.0255726	3557000	0.634745	2.22294	0	2.778
21987632	-0.444803	-7.4381	-3.23718	-0.0831108	-0.0537024	-0.177729	3557200	0.634745	2.22294	0	3.09284
21987832	-1.13672	-10.9471	-4.07736	-0.25189	-0.0319657	-0.0575383	3557400	0.634745	2.22294	0	3.59288
21988042	-0.321247	-13.8136	8.82193	0.561318	-0.034523	-0.150878	3557600	0.634745	2.22294	0	3.57436
21988231	-0.593071	-7.26512	-2.91593	-0.218645	0.0460306	0.257004	3557800	0.634745	2.22294	0	3.53732
21988435	-0.395381	-13.2453	-2.89122	0.181565	0.313264	-0.0626528	3558000	0.634745	2.22294	0	3.46324
21988632	-0.741339	-7.24041	-2.6194	0.163664	0.236546	-0.276184	3558200	0.634745	2.22294	0	3.48176
21988832	-1.0873	-9.76096	-4.32448	-0.112519	-0.117634	0.0255726	3558400	0.634745	2.22294	0	3.5188
21989032	0.420092	-10.2058	-1.85335	0.0294084	-0.278741	-0.272348	3558600	0.634746	2.22294	0	3.5188
21989232	-0.889606	-7.6605	-1.55681	0.333722	-0.239103	0.228874	3558800	0.634746	2.22294	0	3.87068
21989436	-0.939029	-11.466	-4.57159	-0.404047	0.115077	0.116355	3559000	0.634746	2.22294	0	3.75956
21989632	-1.55681	-8.57482	-0.56836	-0.0741604	0.464142	0.152157	3559200	0.634746	2.22294	0	3.66696
21989832	-0.840184	-8.05588	-2.59469	-0.144485	0.173893	-0.125306	3559400	0.634746	2.22294	0	3.66696
21990033	-0.741339	-11.0459	-5.51062	-0.427062	-0.0588169	0	3559600	0.634746	2.22294	0	3.7966
21990233	-0.0741339	-8.50068	-2.59469	0.265955	-0.0882253	-0.163664	3559800	0.634746	2.22294	0	4.14848
21990434	-0.716627	-8.25357	-3.55843	-0.0703246	0.0946185	0.118912	3560000	0.634746	2.22294	0	4.167
21990633	0.123556	-11.4413	-2.34757	0.0946185	0.111241	0.0818322	3560200	0.634746	2.22294	0	4.12996
21990832	-0.96374	-6.74618	-2.76766	0.00127863	0.257004	-0.233989	3560400	0.634746	2.22294	0	3.64844
21991042	-0.741339	-10.9965	-4.69514	-0.18668	-0.162386	0.0498665	3560600	0.634746	2.22294	0	3.64844
21991242	1.23556	-11.0459	-0.345958	-0.0537024	-0.0204581	0.170058	3560800	0.634746	2.22294	0	3.16692
21991435	-0.593071	-7.11685	-1.60623	-0.0191794	-0.00511451	0.254447	3561000	0.634746	2.22294	0	3.18544
21991635	-0.56836	-11.7873	-5.33764	-0.213531	0.132977	0.407882	3561200	0.634746	2.22294	0	3.77808
21991832	-0.593071	-8.15473	-2.8418	0.172615	0.141928	-0.361852	3561400	0.634746	2.22294	0	3.72252
21992033	-0.56836	-9.415	-4.17621	-0.250611	-0.246775	0.108683	3561600	0.634746	2.22294	0	4.0744
21992232	-0.296535	-10.1811	-2.49584	-0.264676	-0.155993	-0.0971757	3561800	0.634746	2.22294	0	4.167
21992434	-0.617782	-6.91916	-2.6194	0.120191	-0.22376	0.0383588	3562000	0.634746	2.22294	0	4.03736
21992632	-1.23556	-11.1695	-4.62101	-0.309428	0.0664887	0.172615	3562200	0.634746	2.22294	0	3.96328
21992832	-1.03787	-9.66211	-1.11201	-0.13937	0.281298	0.0524238	3562400	0.634746	2.22294	0	3.94476
21993034	-0.939029	-7.73463	-2.76766	-0.209695	0.0153435	-0.153435	3562600	0.634746	2.22294	0	3.9818
21993233	0.321247	-12.1085	-4.02794	0.263397	-0.181565	-0.216088	3562800	0.634746	2.22294	0	4.00032
21993445	-1.11201	-8.3277	-3.2866	0.340115	-0.154714	0.0179008	3563000	0.634746	2.22294	0	3.38916
21993632	-0.543648	-9.06904	-4.05265	-0.230153	0.217367	0.0767177	3563200	0.634746	2.22294	0	3.35212
21993830	-0.444803	-10.7988	-0.222402	0.0971757	0.172615	0.13937	3563400	0.634746	2.22294	0	3.27804
21994031	-0.172979	-6.82032	-2.54526	0.0127863	0.22376	-0.318378	3563600	0.634746	2.22294	0	3.3336
21994232	-0.667205	-11.4166	-4.76928	-0.250611	-0.193073	-0.0242939	3563800	0.634746	2.22294	0	3.7966
21994435	2.1993	-10.2552	-0.988452	-0.0920612	-0.171336	-0.0639314	3564000	0.634746	2.22294	0	3.68548
21994632	-0.617782	-6.96858	-2.05104	-0.153435	-0.034523	0.360573	3564200	0.634746	2.22294	0	3.66696
21994833	-0.914318	-12.4298	-4.64572	0.163664	0.204581	0.177729	3564400	0.634746	2.22294	0	3.68548
21995031	-0.494226	-7.58637	-2.66882	0.347787	0.245497	-0.25189	3564600	0.634746	2.22294	0	3.0558
21995234	-0.939029	-10.1811	-3.83025	-0.182844	-0.143206	-0.1496	3564800	0.634746	2.22294	0	3.50028
21995438	0.914318	-8.50068	-1.7545	0.28002	-0.398932	-0.162386	3565000	0.634746	2.22294	0	3.59288
21995632	-0.543648	-7.46281	-1.58152	0.108683	-0.253168	0.0127863	3565200	0.634746	2.22294	0	4.167
21995842	0.19769	-12.2568	-5.33764	-0.355459	-0.0332443	0.112519	3565400	0.634746	2.22294	0	4.18552
21996032	-0.76605	-9.43971	-1.5321	0.0255726	0.0933399	-0.217367	3565600	0.634746	2.22294	0	3.74104
21996231	-1.01316	-7.61108	-2.32286	-0.21481	-0.0383588	-0.0664887	3565800	0.634746	2.22294	0	3.12988
21996435	0.76605	-13.1711	-2.86651	0.154714	0.120191	0.0127863	3566000	0.634746	2.22294	0	3.25952
21996633	-0.172979	-8.27828	-3.11362	0.171336	0.0089504	0.0639314	3566200	0.634746	2.22294	0	3.704
21996830	-0.271824	-7.75934	-3.509	-0.23271	0.111241	0.0946185	3566400	0.634746	2.22294	0	3.66696
21997030	-0.667205	-12.5039	-2.94064	0.276184	0.0166222	0.0767177	3566600	0.634746	2.22294	0	3.62992
21997242	-0.691916	-7.48752	-2.76766	0.0728818	0.134256	-0.304314	3566800	0.634746	2.22294	0	4.00032
21997434	-1.50739	-9.6374	-4.39861	-0.375917	-0.210974	0.0524238	3567000	0.634746	2.22294	0	3.9818
21997634	0.642494	-11.6143	-2.12517	0.103569	-0.225039	0.393817	3567200	0.634746	2.22294	0	3.83364
21997834	-0.345958	-7.75934	-1.7545	0.1675	0.0127863	-0.0153435	3567400	0.634746	2.22294	0	3.20396
21998034	-0.76605	-8.79722	-3.33602	-0.262119	0.173893	0.0396375	3567600	0.634746	2.22294	0	3.09284
21998234	0.0741339	-11.2189	-1.60623	0.1675	-0.0524238	-0.0217367	3567800	0.634746	2.22294	0	3.07432
21998435	-0.716627	-7.33925	-2.49584	-0.0907826	0.331165	-0.159829	3568000	0.634746	2.22294	0	3.00024
21998634	-0.543648	-10.7	-4.22563	-0.207138	-0.179008	0.0498665	3568200	0.634746	2.22294	0	3.11136
21998834	1.11201	-11.8614	1.7545	0.320936	-0.0319657	-0.0575383	3568400	0.634746	2.22294	0	3.1484
21999041	-0.370669	-7.09214	-1.72979	-0.268512	-0.0537024	0.327329	3568600	0.634746	2.22294	0	3.50028
21999231	-0.988452	-11.7873	-4.3739	-0.375917	0.246775	0.164943	3568800	0.634746	2.22294	0	3.6114
21999444	-0.518937	-9.01962	-2.29815	0.19563	0.305592	-0.329886	3569000	0.634746	2.22294	0	3.74104
21999633	-0.76605	-8.77251	-3.16304	-0.172615	0.010229	0.0281298	3569200	0.634746	2.22294	0	4.22256
21999830	0.96374	-13.27	-1.3097	0.163664	-0.0166222	0.0409161	3569400	0.634746	2.22294	0	4.22256
22000031	-0.889606	-8.99491	-2.66882	0.163664	0.152157	0.0332443	3569600	0.634746	2.22294	0	3.81512
22000230	-0.790761	-9.16789	-2.24873	-0.19563	0.6521	0.0728818	3569800	0.634746	2.22294	0	3.27804
22000433	-0.840184	-10.5517	-1.23556	0.0971757	0.958971	0.111241	3570000	0.634746	2.22294	0	2.4076
22000631	-0.889606	-8.25357	-1.5321	0.153435	1.13798	0.184122	3570200	0.634746	2.22294	0	1.70384
22000831	-0.864895	-10.2799	-3.01478	-0.0779963	0.859238	0.254447	3570400	0.634746	2.22294	0	1.59272
22001032	0.296535	-10.5517	-2.02633	-0.0179008	0.759505	0.39126	3570600	0.634746	2.22294	0	1.07416
22001242	-0.0741339	-8.67366	-2.1993	-0.0460306	0.833666	0.388703	3570800	0.634746	2.22294	0	1.0186
22001434	-0.370669	-10.9224	-2.66882	-0.217367	0.958971	0.3171	3571000	0.634746	2.22294	0	0.96304
22001635	-0.56836	-8.99491	-0.988452	-0.0115077	0.891204	0.359295	3571200	0.634746	2.22294	0	0.66672
22001834	-1.13672	-7.83348	-2.6194	0.0485879	0.635478	-0.0690459	3571400	0.634746	2.22294	0	0.6482
22002034	-0.370669	-10.2305	-4.91755	-0.565154	0.127863	-0.0242939	3571600	0.634746	2.22294	0	0.61116
22002235	1.06259	-7.90761	-1.43325	0.409161	-0.343951	0.0217367	3571800	0.634746	2.22294	0	0.62968
22002433	-0.222402	-8.3277	-1.68037	0.352901	-0.210974	0.210974	3572000	0.634746	2.22294	0	0.7408
22002635	-0.815473	-11.8367	-3.80554	-0.250611	0.173893	0.0703246	3572200	0.634746	2.22294	0	1.16676
22002844	-0.691916	-9.56327	-0.939029	-0.282577	0.306871	-0.0306871	3572400	0.634746	2.22294	0	1.25936
22003034	-0.617782	-7.2157	-2.52055	-0.228874	0.0639314	-0.221203	3572600	0.634746	2.22294	0	1.33344
22003245	-0.19769	-11.6143	-5.73302	-0.313264	-0.202023	0.170058	3572800	0.634746	2.22294	0	1.37048
22003433	0.988452	-8.72308	-2.07575	0.0843895	-0.0779963	-0.0856681	3573000	0.634746	2.22294	0	1.389
22003627	-0.247113	-7.68521	-2.49584	-0.241661	-0.00767177	0.285134	3573200	0.634746	2.22294	0	1.42604
22003828	-0.444803	-13.4677	-2.69353	0.218645	0.265955	0.109962	3573400	0.634746	2.22294	0	1.4816
22004027	-0.469514	-7.53694	-2.56997	0.168779	0.141928	-0.22376	3573600	0.634746	2.22294	0	1.81496
22004228	-0.716627	-9.56327	-4.25034	-0.12147	-0.0882253	-0.144485	3573800	0.634746	2.22294	0	2.53724
22004431	1.5321	-10.7988	-1.23556	0.155993	0.268512	0.0396375	3574000	0.634746	2.22294	0	2.42612
22004645	-0.420092	-7.01801	-2.07575	0.315821	-0.181565	0.207138	3574200	0.634746	2.22294	0	2.53724
22004833	-0.494226	-10.6753	-4.8187	-0.306871	0.221203	-0.104848	3574400	0.634746	2.22294	0	3.16692
22005032	-0.395381	-9.415	-0.543648	0.112519	0.258283	0.104848	3574600	0.634747	2.22294	0	2.70392
22005229	-0.222402	-7.95703	-2.44642	-0.0230153	0.103569	-0.208416	3574800	0.634747	2.22294	0	3.57436
22005434	-0.494226	-10.8977	-4.91755	-0.632921	-0.370802	0.175172	3575000	0.634747	2.22294	0	3.8892
22005634	1.13672	-8.79722	-1.38383	0.0089504	-0.0869467	-0.099733	3575200	0.634747	2.22294	0	3.31508
22005827	-0.271824	-7.93232	-2.91593	-0.00639314	-0.0690459	0.235268	3575400	0.634747	2.22294	0	4.24108
22006027	-1.40854	-11.3425	-4.22563	0.0716032	0.161107	-0.0332443	3575600	0.634747	2.22294	0	4.7226
22006225	-0.76605	-8.08059	-2.54526	0.103569	0.175172	-0.218645	3575800	0.634747	2.22294	0	5.85232
22006429	-0.76605	-9.46442	-3.85496	-0.185401	-0.122748	-0.0958971	3576000	0.634747	2.22294	0	6.64868
22006637	0.444803	-9.51385	-3.16304	0.0319657	-0.314543	0.0217367	3576200	0.634747	2.22294	0	7.38948
22006828	-0.518937	-7.46281	-2.69353	0.147042	-0.099733	0.202023	3576400	0.634747	2.22294	0	7.871
22007025	-0.939029	-10.1316	-4.17621	-0.338836	0.222481	0.0396375	3576600	0.634747	2.22294	0	8.44512
22007226	-0.988452	-12.8004	2.89122	0.406604	0.154714	-0.0946185	3576800	0.634747	2.22294	0	8.75996
22007428	-0.222402	-7.70992	-2.6194	-0.134256	0.0639314	-0.194351	3577000	0.634747	2.22294	0	8.25992
22007627	-0.494226	-10.873	-5.01639	-0.471814	-0.204581	-0.00511451	3577200	0.634747	2.22294	0	7.35244
22007825	0.741339	-9.1926	-1.7545	0.199466	-0.0920612	-0.129141	3577400	0.634747	2.22294	0	7.00056
22008026	0.222402	-8.22886	-3.18776	-0.0754391	-0.0127863	0.236546	3577600	0.634747	2.22294	0	7.1302
22008225	0.271824	-12.7016	-2.86651	0.0332443	0.157271	0.131699	3577800	0.634747	2.22294	0	7.2228
22008428	-0.939029	-6.54849	-2.6194	0.0268512	0.250611	-0.124027	3578000	0.634747	2.22294	0	7.88952
22008624	-0.691916	-9.93394	-4.44803	-0.0971757	-0.0319657	0.0907826	3578200	0.634747	2.22294	0	8.00064
22008828	0.444803	-9.01962	-2.22402	0.203302	-0.0524238	-0.272348	3578400	0.634747	2.22294	0	8.00064
22009021	-0.444803	-6.77089	-1.50739	0.129141	-0.0831108	0.313264	3578600	0.634748	2.22294	0	7.46356
22009222	-1.0873	-11.812	-4.69514	-0.502501	0.0383588	0.00511451	3578800	0.634748	2.22294	0	7.48208
22009425	-0.691916	-9.43971	-2.02633	0.154714	0.262119	-0.202023	3579000	0.634748	2.22294	0	7.38948
22009622	-1.13672	-8.52539	-3.509	-0.113798	-0.0741604	-0.104848	3579200	0.634748	2.22294	0	7.51912
22009822	0.939029	-13.4677	-1.03787	0.485879	-0.0958971	-0.207138	3579400	0.634748	2.22294	0	7.408
22010022	-0.370669	-7.56165	-2.89122	0.147042	-0.109962	0.044752	3579600	0.634748	2.22294	0	7.408
22010222	-0.0988452	-9.93394	-3.80554	-0.34523	0.0089504	0.034523	3579800	0.634748	2.22294	0	7.90804
22010425	-0.420092	-9.06904	-0.444803	-0.0984544	0.134256	0.0191794	3580000	0.634748	2.22294	0	6.8524
22010621	-0.321247	-6.96858	-2.94064	-0.104848	0.191794	-0.089504	3580200	0.634748	2.22294	0	6.42644
22010822	-0.444803	-10.7494	-5.28822	-0.246775	-0.236546	-0.0511451	3580400	0.634748	2.22294	0	5.9264
22011022	2.27344	-8.89606	-0.642494	0.0358016	-0.166222	-0.0204581	3580600	0.634748	2.22294	0	5.57452
22011223	0.0741339	-7.51223	-2.42171	-0.034523	-0.089504	0.208416	3580800	0.634748	2.22294	0	6.019
22011426	-0.296535	-13.5665	-2.8418	0.0153435	0.176451	-0.0703246	3581000	0.634748	2.22294	0	6.1116
22011624	-0.716627	-7.51223	-2.76766	0.109962	0.296642	-0.131699	3581200	0.634748	2.22294	0	5.98196
22011821	-0.939029	-9.76096	-4.54688	-0.388703	0.00767177	0.0588169	3581400	0.634748	2.22294	0	6.33384
22012023	0.0741339	-9.8598	-1.77921	0.00383588	-0.249333	0.0460306	3581600	0.634748	2.22294	0	5.66712
22012221	-0.345958	-6.86974	-2.66882	0.132977	-0.21481	0.182844	3581800	0.634748	2.22294	0	6.37088
22012436	-1.03787	-10.9718	-4.44803	-0.258283	0.089504	0.0754391	3582000	0.634748	2.22294	0	6.46348
22012624	-0.889606	-9.81038	-0.667205	-0.0434734	0.25189	0.112519	3582200	0.634748	2.22294	0	6.1116
22012822	-0.395381	-7.83348	-2.47113	-0.0843895	0.129141	-0.18668	3582400	0.634748	2.22294	0	6.019
22013022	-0.345958	-10.5517	-5.23879	-0.159829	-0.268512	-0.111241	3582600	0.634749	2.22294	0	5.98196
22013222	1.5321	-10.2552	-0.889606	-0.0294084	-0.0460306	0.106126	3582800	0.634749	2.22294	0	5.07448
22013425	-0.0988452	-8.22886	-2.397	-0.205859	0.0933399	0.185401	3583000	0.634749	2.22294	0	6.09308
22013622	-0.840184	-11.7626	-3.68198	-0.15855	0.207138	0.132977	3583200	0.634749	2.22294	0	5.96344
22013822	-0.395381	-8.52539	-2.05104	0.196909	0.264676	-0.113798	3583400	0.634749	2.22294	0	5.14856
22014023	-0.420092	-9.78567	-3.58314	-0.281298	-0.0639314	-0.0434734	3583600	0.634749	2.22294	0	5.75972
22014222	0.345958	-10.873	-2.14988	-0.0754391	-0.0805536	-0.0856681	3583800	0.634749	2.22294	0	4.83372
22014427	-0.172979	-7.36396	-3.03949	0.0242939	-0.173893	0.228874	3584000	0.634749	2.22294	0	4.88928
22014622	-0.296535	-10.2305	-4.27505	-0.282577	0.176451	0.13937	3584200	0.634749	2.22294	0	5.35228
22014823	-0.790761	-8.84664	-1.38383	0.241661	0.199466	-0.0792749	3584400	0.634749	2.22294	0	4.55592
22015021	-0.321247	-7.01801	-3.36074	-0.308149	0.254447	-0.12147	3584600	0.634749	2.22294	0	5.4634
22015221	-0.667205	-10.7988	-5.01639	-0.358016	-0.237825	0.157271	3584800	0.634749	2.22294	0	5.90788
22015425	1.85335	-8.99491	-1.48268	0.450077	-0.250611	-0.203302	3585000	0.634749	2.22294	0	5.79676
22015623	-0.19769	-7.26512	-2.6194	-0.145764	0.161107	0.22376	3585200	0.634749	2.22294	0	6.13012
22015821	-0.864895	-11.1942	-5.31293	-0.592005	0.444963	0.412997	3585400	0.634749	2.22294	0	5.79676
22016021	-0.0741339	-8.3277	-2.64411	0.499944	0.295363	-0.0703246	3585600	0.634749	2.22294	0	6.27828
22016221	-1.0873	-8.27828	-3.87967	-0.12147	-0.00767177	-0.159829	3585800	0.634749	2.22294	0	6.83388
22016426	0.543648	-12.8499	-2.66882	0.0511451	0.240382	-0.322214	3586000	0.634749	2.22294	0	5.94492
22016619	-0.494226	-8.62424	-2.56997	0.134256	0.350344	0.268512	3586200	0.634749	2.22294	0	4.94484
22016819	-0.172979	-9.24202	-2.64411	-0.203302	1.04208	0.359295	3586400	0.634749	2.22294	0	4.85224
22017019	-0.716627	-11.3178	-1.87806	0.227596	1.1367	0.433455	3586600	0.634749	2.22294	0	4.51888
22017220	-0.667205	-7.51223	-2.17459	0.143206	1.15844	0.3171	3586800	0.634749	2.22294	0	4.4448
22017434	-0.395381	-10.4282	-4.94226	-0.208416	0.701967	0.26084	3587000	0.634749	2.22294	0	4.55592
22017634	0.222402	-10.1316	-2.07575	-0.273626	0.187958	0.054981	3587200	0.634749	2.22294	0	5.11152
22017831	-0.617782	-7.33925	-3.2866	0.15855	0.315821	0.38231	3587400	0.634749	2.22294	0	5.50044
22018021	-0.0741339	-10.354	-4.62101	-0.212252	0.433455	0.176451	3587600	0.634749	2.22294	0	5.53748
22018232	-1.28499	-8.45126	-1.13672	0.117634	0.352901	0.351623	3587800	0.634749	2.22294	0	5.03744
22018427	-0.172979	-7.48752	-3.2866	0.00255726	0.452634	-0.0818322	3588000	0.63475	2.22294	0	4.9078
22018628	-0.148268	-11.0212	-4.8187	-0.185401	-0.0473092	0.0332443	3588200	0.63475	2.22294	0	4.59296
22018836	2.44642	-10.1069	-1.48268	-0.0716032	-0.113798	0.319657	3588400	0.63475	2.22294	0	3.64844
22019027	-0.172979	-7.53694	-2.14988	-0.0971757	0.0281298	0.226317	3588600	0.63475	2.22294	0	4.167
22019226	-0.543648	-11.2189	-5.23879	-0.150878	0.112519	0.414276	3588800	0.63475	2.22294	0	4.14848
22019427	-0.370669	-8.67366	-2.24873	0.0639314	0.0166222	-0.228874	3589000	0.63475	2.22294	0	3.00024
22019628	-0.76605	-7.58637	-3.23718	-0.245497	-0.263397	-0.145764	3589200	0.63475	2.22294	0	3.83364
22019827	-0.593071	-12.3309	-3.83025	-0.209695	-0.351623	-0.213531	3589400	0.63475	2.22294	0	3.16692
22020038	-0.0247113	-8.72308	-3.48429	0.515287	0.0473092	-0.0971757	3589600	0.63475	2.22294	0	1.72236
22020228	-0.593071	-8.3277	-3.01478	-0.101012	0.147042	0.190516	3589800	0.63475	2.22294	0	2.79652
22020429	-0.222402	-12.5286	-1.28499	0.429619	0.464142	-0.0140649	3590000	0.63475	2.22294	0	2.70392
22020627	-0.345958	-7.85819	-2.42171	0.269791	0.473092	-0.010229	3590200	0.63475	2.22294	0	2.61132
22020825	-0.543648	-10.6011	-3.80554	-0.303035	0.0217367	-0.1496	3590400	0.63475	2.22294	0	2.51872
22021035	0.864895	-9.14318	-0.148268	-0.221203	-0.163664	0.306871	3590600	0.63475	2.22294	0	2.48168
22021235	-0.321247	-6.67205	-1.7545	0.0473092	-0.0588169	0.343951	3590800	0.63475	2.22294	0	2.44464
22021429	-1.13672	-11.6637	-5.13995	-0.276184	0.209695	0.217367	3591000	0.63475	2.22294	0	2.4076
22021627	-1.35912	-9.415	-1.13672	-0.0115077	0.272348	0.0537024	3591200	0.63475	2.22293	0	2.38908
22021827	-1.06259	-8.47597	-2.49584	-0.0958971	0.0089504	-0.0805536	3591400	0.63475	2.22293	0	2.35204
22022025	0.0247113	-12.8499	-3.0642	0.273626	-0.144485	-0.257004	3591600	0.63475	2.22293	0	2.315
22022224	-0.96374	-8.27828	-2.8418	0.273626	-0.337558	-0.113798	3591800	0.63475	2.22293	0	2.27796
22022428	-0.864895	-9.29144	-3.60785	-0.239103	0.0639314	-0.0882253	3592000	0.63475	2.22293	0	2.2224
22022627	-1.40854	-12.3556	6.20253	0.109962	0.184122	-0.162386	3592200	0.63475	2.22293	0	2.20388
22022828	-0.642494	-7.04272	-3.18776	0.0677673	0.179008	-0.218645	3592400	0.63475	2.22293	0	2.20388
22023024	-0.617782	-11.2436	-3.7314	-0.0882253	-0.213531	0.00383588	3592600	0.63475	2.22293	0	2.62984
22023223	1.3097	-10.354	-0.19769	-0.0907826	-0.0741604	0.175172	3592800	0.63475	2.22293	0	1.87052
22023429	-0.148268	-7.31454	-1.5321	-0.099733	-0.099733	0.190516	3593000	0.63475	2.22293	0	2.5928
22023624	-0.914318	-11.5649	-4.91755	-0.45647	0.355459	0.233989	3593200	0.63475	2.22293	0	3.03728
22023824	-0.914318	-8.22886	-2.17459	0.141928	0.26084	-0.204581	3593400	0.63475	2.22293	0	3.09284
22024024	-0.790761	-8.84664	-3.70669	-0.0370802	-0.0268512	-0.0984544	3593600	0.63475	2.22293	0	4.22256
22024224	1.3097	-12.3556	-2.44642	0.450077	-0.246775	-0.323493	3593800	0.63475	2.22293	0	3.57436
22024427	-1.35912	-7.85819	-2.96535	0.217367	-0.26084	0.18668	3594000	0.63475	2.22293	0	4.01884
22024623	-0.617782	-10.4035	-3.78083	-0.335001	0.19563	0.0485879	3594200	0.63475	2.22293	0	4.38924
22024823	-0.345958	-8.72308	-0.76605	-0.181565	0.210974	0.12147	3594400	0.63475	2.22293	0	4.2596
22025023	-0.0741339	-7.41339	-3.13833	-0.0639314	0.272348	-0.0971757	3594600	0.63475	2.22293	0	4.57444
22025224	-0.0741339	-11.1695	-5.0411	-0.265955	-0.1496	0.0396375	3594800	0.63475	2.22293	0	4.48184
22025425	2.14988	-9.81038	-1.0873	-0.0115077	-0.203302	-0.0089504	3595000	0.63475	2.22293	0	4.50036
22025624	-0.0247113	-7.16627	-2.02633	-0.177729	-0.101012	0.25189	3595200	0.63475	2.22293	0	4.46332
22025832	-1.45797	-11.7626	-4.62101	-0.145764	0.06521	0.305592	3595400	0.63475	2.22293	0	4.11144
22026023	-0.593071	-8.27828	-2.07575	0.148321	0.143206	-0.282577	3595600	0.63475	2.22293	0	3.704
22026224	-0.56836	-8.82193	-3.70669	-0.0677673	-0.0818322	-0.159829	3595800	0.63475	2.22293	0	4.42628
22026425	1.92748	-12.0344	-2.22402	0.35418	-0.00639314	-0.465421	3596000	0.63475	2.22293	0	3.40768
22026619	-0.96374	-7.06743	-3.08891	0.117634	-0.13937	0.194351	3596200	0.63475	2.22293	0	3.37064
22026819	-0.691916	-9.51385	-4.64572	-0.185401	0.147042	0.00127863	3596400	0.63475	2.22293	0	4.55592
22027028	-1.26028	-11.3672	3.23718	0.603513	-0.134256	-0.213531	3596600	0.63475	2.22293	0	3.241
22027220	-0.296535	-7.61108	-2.59469	-0.0485879	0.10229	-0.0677673	3596800	0.63475	2.22293	0	3.12988
22027422	-0.790761	-10.9965	-3.78083	-0.340115	-0.13042	0.0856681	3597000	0.63475	2.22293	0	3.48176
22027621	1.11201	-9.46442	-1.03787	0.122748	-0.118912	0.131699	3597200	0.63475	2.22293	0	2.35204
22027822	-0.0741339	-7.80877	-2.17459	-0.00639314	0.0370802	0.116355	3597400	0.63475	2.22293	0	2.38908
22028019	-0.395381	-12.2815	-2.66882	0.0792749	0.155993	-0.06521	3597600	0.63475	2.22293	0	2.46316
22028220	-0.691916	-9.04433	-1.90277	0.0946185	0.161107	-0.157271	3597800	0.63475	2.22293	0	2.33352
22028434	-0.370669	-9.53856	-3.43487	-0.323493	-0.0767177	-0.0230153	3598000	0.63475	2.22293	0	2.27796
22028617	0.840184	-10.8483	-1.38383	0.236546	-0.10229	-0.0818322	3598200	0.63475	2.22293	0	1.98164
22028817	-1.23556	-6.77089	-2.66882	0.00639314	-0.225039	0.231432	3598400	0.63475	2.22293	0	1.98164
22029015	-0.296535	-10.5764	-3.38545	-0.122748	0.0882253	-0.0562596	3598600	0.63475	2.22293	0	2.46316
22029217	-0.321247	-10.0575	0.0247113	0.0869467	0.150878	0.0575383	3598800	0.63475	2.22293	0	2.46316
22029419	-0.56836	-8.50068	-2.10046	-0.294084	-0.00511451	-0.26084	3599000	0.63475	2.22293	0	2.44464
22029626	0	-10.8977	-4.64572	-0.531909	-0.424505	0.144485	3599200	0.634751	2.22293	0	2.38908
22029815	0.617782	-8.64895	-2.42171	0.171336	-0.104848	-0.140649	3599400	0.634751	2.22293	0	2.37056
22030015	-0.172979	-7.61108	-3.03949	-0.131699	0.0882253	-0.0613742	3599600	0.634751	2.22293	0	2.35204
22030216	-0.271824	-13.4677	-2.81709	0.213531	0.109962	0.131699	3599800	0.634751	2.22293	0	2.315
22030422	-0.741339	-7.53694	-2.79238	0.0332443	0.1675	-0.112519	0	0.634751	2.22293	0	2.315
22030616	-0.395381	-8.92078	-3.87967	-0.172615	-0.00255726	-0.107405	200	0.634751	2.22293	0	2.33352
22030819	0.444803	-10.4529	-1.85335	0.332443	-0.034523	-0.0166222	400	0.634751	2.22293	0	2.37056
22031018	-0.691916	-7.53694	-2.54526	0.0843895	-0.0562596	0.171336	600	0.634751	2.22293	0	2.4076
22031220	0.271824	-10.9224	-3.58314	-0.267233	0.138092	-0.0524238	800	0.634751	2.22293	0	2.48168
22031424	-0.123556	-9.24202	-0.19769	-0.0703246	0.338836	0.0473092	1000	0.634751	2.22293	0	2.53724
22031620	-0.19769	-7.73463	-2.12517	-0.159829	0.276184	-0.0856681	1200	0.634751	2.22293	0	2.61132
22031828	0.172979	-11.0212	-5.06581	-0.228874	-0.134256	-0.0473092	1400	0.634751	2.22293	0	2.6854
22032020	0.988452	-9.53856	-1.5321	-0.0127863	0.10229	-0.109962	1600	0.634751	2.22293	0	2.70392
22032219	0.469514	-8.9702	-1.87806	-0.129141	0.276184	0.140649	1800	0.634751	2.22293	0	2.70392
22032423	1.21085	-12.0838	-2.07575	0.0191794	0.268512	0.185401	2000	0.634751	2.22293	0	2.70392
22032617	0.172979	-8.64895	-3.33602	-0.0805536	0.010229	0.0421947	2200	0.63475	2.22293	0	2.70392
22032822	-1.06259	-8.67366	-3.509	-0.136813	-0.0230153	-0.0703246	2400	0.63475	2.22293	0	2.72244
22033019	0.518937	-11.985	-2.94064	-0.0294084	-0.0639314	0.0473092	2600	0.63475	2.22293	0	2.72244
22033221	0.395381	-8.13001	-2.47113	0.157271	0.10229	-0.250611	2800	0.63475	2.22293	0	2.70392
22033426	0.494226	-9.90923	-2.79238	0.1496	0.210974	0.054981	3000	0.63475	2.22293	0	2.66688
22033624	0.889606	-9.90923	-2.99007	-0.205859	0.143206	0.278741	3400	0.63475	2.22293	0	2.53724
22034022	-0.444803	-9.29144	-2.54526	-0.101012	0.196909	-0.134256	3600	0.63475	2.22293	0	2.46316
22034222	0.247113	-10.5764	-1.85335	-0.116355	-0.434734	-0.0818322	3800	0.63475	2.22293	0	2.38908
22034426	0.123556	-8.9702	-0.864895	0.0741604	-0.488436	0.0677673	4000	0.63475	2.22293	0	2.33352
22034622	-0.123556	-9.71154	-1.55681	0.152157	-0.209695	-0.109962	4200	0.63475	2.22293	0	2.29648
22034824	-0.420092	-10.2799	-1.48268	-0.0639314	0.18668	0.0370802	4400	0.63475	2.22293	0	2.2224
22035027	-0.148268	-9.61269	-1.90277	-0.222481	0.115077	-0.0383588	4600	0.63475	2.22293	0	2.1298
