30 30
  6.6712803e-005  1.8838613e-004  4.7740941e-004  1.0776569e-003  2.1394377e-003  3.6471146e-003  5.0582601e-003  4.7996966e-003 -1.0952662e-004 -1.3812084e-002 -4.0287633e-002 -8.1035724e-002 -1.3275938e-001 -1.8665820e-001 -2.3049709e-001 -2.5303330e-001 -2.4865900e-001 -2.1966228e-001 -1.7486526e-001 -1.2560628e-001 -8.1440251e-002 -4.7640081e-002 -2.5106399e-002 -1.1888171e-002 -5.0352020e-003 -1.8933472e-003 -6.2376685e-004 -1.7548206e-004 -3.9694831e-005 -5.8641879e-006
  1.3615076e-004  3.8339636e-004  9.6616732e-004  2.1596716e-003  4.2155329e-003  6.9640469e-003  9.0075517e-003  6.6199812e-003 -7.0343901e-003 -4.1259576e-002 -1.0477300e-001 -2.0047548e-001 -3.2031056e-001 -4.4382772e-001 -5.4302640e-001 -5.9247080e-001 -5.7978943e-001 -5.1068905e-001 -4.0571674e-001 -2.9101663e-001 -1.8850420e-001 -1.1019385e-001 -5.8042834e-002 -2.7471667e-002 -1.1629485e-002 -4.3694793e-003 -1.4374902e-003 -4.0324865e-004 -9.0596496e-005 -1.3051878e-005
  2.5254288e-004  7.1228104e-004  1.7932223e-003  3.9905353e-003  7.7096573e-003  1.2454476e-002  1.5202956e-002  8.2101393e-003 -2.2520487e-002 -9.5870800e-002 -2.2935179e-001 -4.2845360e-001 -6.7621298e-001 -9.3036165e-001 -1.1333155e+000 -1.2329436e+000 -1.2041116e+000 -1.0589463e+000 -8.4011839e-001 -6.0174980e-001 -3.8912168e-001 -2.2696910e-001 -1.1919061e-001 -5.6168926e-002 -2.3625823e-002 -8.7893685e-003 -2.8448064e-003 -7.7445567e-004 -1.6247414e-004 -1.7593961e-005
  4.2186312e-004  1.2007855e-003  3.0443173e-003  6.8078195e-003  1.3181655e-002  2.1240028e-002  2.5513038e-002  1.1984106e-002 -4.4766792e-002 -1.7921374e-001 -4.2359841e-001 -7.8845261e-001 -1.2432496e+000 -1.7107494e+000 -2.0849784e+000 -2.2693873e+000 -2.2168771e+000 -1.9492506e+000 -1.5451699e+000 -1.1048793e+000 -7.1241657e-001 -4.1367504e-001 -2.1576419e-001 -1.0064678e-001 -4.1680540e-002 -1.5127630e-002 -4.6927269e-003 -1.1738010e-003 -1.9430265e-004  6.9301394e-006
  6.2063251e-004  1.8068452e-003  4.6737432e-003  1.0655002e-002  2.1060428e-002  3.4843607e-002  4.3921601e-002  2.6539925e-002 -5.7856698e-002 -2.6558655e-001 -6.5102957e-001 -1.2348077e+000 -1.9709950e+000 -2.7358899e+000 -3.3558075e+000 -3.6694804e+000 -3.5953212e+000 -3.1656645e+000 -2.5084890e+000 -1.7893474e+000 -1.1479887e+000 -6.6099413e-001 -3.4020899e-001 -1.5545238e-001 -6.2296752e-002 -2.1386384e-002 -5.9604725e-003 -1.1331751e-003  7.1987932e-006  1.3256574e-004
  7.5941686e-004  2.3267329e-003  6.2895012e-003  1.4951432e-002  3.0917152e-002  5.4240452e-002  7.5889576e-002  6.7784342e-002 -2.6024021e-002 -2.8726181e-001 -7.9987307e-001 -1.6039133e+000 -2.6447330e+000 -3.7511110e+000 -4.6709468e+000 -5.1615229e+000 -5.0917806e+000 -4.4985870e+000 -3.5643174e+000 -2.5320328e+000 -1.6096963e+000 -9.1215206e-001 -4.5736565e-001 -2.0021580e-001 -7.4489966e-002 -2.2079508e-002 -4.1210393e-003  4.1735616e-004  8.5742325e-004  5.0694443e-004
  6.3416812e-004  2.2602370e-003  6.8122791e-003  1.7706700e-002  3.9821017e-002  7.6740856e-002  1.2302075e-001  1.5073398e-001  9.5108581e-002 -1.4806745e-001 -6.9723617e-001 -1.6264177e+000 -2.8930260e+000 -4.2972881e+000 -5.5172397e+000 -6.2232738e+000 -6.2193356e+000 -5.5297348e+000 -4.3798694e+000 -3.0866354e+000 -1.9274080e+000 -1.0572833e+000 -5.0090705e-001 -1.9756028e-001 -5.8651721e-002 -7.6608730e-003  5.1242984e-003  5.2630215e-003  3.0384061e-003  1.3692997e-003
 -1.1225396e-004  6.8886804e-004  4.1207586e-003  1.4570376e-002  3.9997245e-002  9.0680279e-002  1.7198620e-001  2.6826048e-001  3.2099825e-001  2.1563040e-001 -2.0029121e-001 -1.0527020e+000 -2.3466287e+000 -3.8960700e+000 -5.3419205e+000 -6.2780997e+000 -6.4300037e+000 -5.7811013e+000 -4.5698998e+000 -3.1647390e+000 -1.8997607e+000 -9.6501003e-001 -3.9071914e-001 -1.0189726e-001  9.3594786e-003  3.3726836e-002  2.7159038e-002  1.5656438e-002  7.4166475e-003  3.0254490e-003
 -1.9702478e-003 -3.6995200e-003 -4.9776141e-003 -1.4926002e-003  1.7474680e-002  7.1218187e-002  1.8363156e-001  3.6654558e-001  5.8918398e-001  7.4734217e-001  6.6259330e-001  1.4118330e-001 -9.1152458e-001 -2.3796779e+000 -3.9163662e+000 -5.0620617e+000 -5.4543378e+000 -5.0034804e+000 -3.9222210e+000 -2.5982479e+000 -1.4021427e+000 -5.4878102e-001 -7.0605557e-002  1.2073365e-001  1.4854957e-001  1.1188852e-001  6.6628326e-002  3.3612959e-002  1.4791385e-002  5.7647656e-003
 -5.4300185e-003 -1.2272852e-002 -2.3983782e-002 -3.8691549e-002 -4.5373503e-002 -1.6297368e-002  9.5564331e-002  3.4259561e-001  7.4353785e-001  1.2292044e+000  1.6107005e+000  1.6200523e+000  1.0400919e+000 -1.3348296e-001 -1.6129368e+000 -2.9102501e+000 -3.5716843e+000 -3.4106378e+000 -2.5849558e+000 -1.4781985e+000 -4.8242512e-001  1.7157092e-001  4.5478065e-001  4.7200544e-001  3.6203389e-001  2.2937936e-001  1.2511415e-001  5.9950742e-002  2.5529605e-002  9.7326404e-003
 -1.0726127e-002 -2.5760626e-002 -5.4980888e-002 -1.0248882e-001 -1.6170179e-001 -2.0096668e-001 -1.5136767e-001  8.5891057e-002  5.9418333e-001  1.3611224e+000  2.2075023e+000  2.7991688e+000  2.7865451e+000  2.0214025e+000  7.0661466e-001 -6.5732616e-001 -1.5284714e+000 -1.6191457e+000 -1.0286709e+000 -1.3646212e-001  6.4309931e-001  1.0657913e+000  1.1129757e+000  9.1468941e-001  6.3215722e-001  3.7847451e-001  1.9949989e-001  9.3510960e-002  3.9234440e-002  1.4803954e-002
 -1.7554694e-002 -4.3457398e-002 -9.6565772e-002 -1.9064642e-001 -3.2924658e-001 -4.8398888e-001 -5.7083167e-001 -4.4753180e-001  3.8298644e-002  9.4431583e-001  2.1208439e+000  3.1884414e+000  3.6811972e+000  3.3152100e+000  2.2093866e+000  8.7178403e-001 -7.7915710e-002 -2.6761059e-001  2.4049050e-001  1.0499607e+000  1.7097665e+000  1.9587730e+000  1.7950973e+000  1.3854500e+000  9.2463709e-001  5.4199376e-001  2.8184848e-001  1.3092446e-001  5.4594991e-002  2.0511946e-002
 -2.4947189e-002 -6.2845552e-002 -1.4280391e-001 -2.9054323e-001 -5.2394503e-001 -8.2459873e-001 -1.1022932e+000 -1.1807564e+000 -8.4470814e-001  3.5660929e-002  1.3544369e+000  2.7132451e+000  3.5627998e+000  3.5133164e+000  2.6163903e+000  1.3857157e+000  4.9970238e-001  3.8605918e-001  9.9029673e-001  1.8763269e+000  2.5438896e+000  2.7119293e+000  2.3990434e+000  1.8156380e+000  1.1976080e+000  6.9683905e-001  3.6063782e-001  1.6699238e-001  6.9487559e-002  2.6070395e-002
 -3.1454948e-002 -8.0081094e-002 -1.8439125e-001 -3.8168823e-001 -7.0482602e-001 -1.1485692e+000 -1.6240828e+000 -1.9334331e+000 -1.8127668e+000 -1.0692486e+000  2.4004860e-001  1.7219911e+000  2.7819862e+000  2.9609032e+000  2.2606133e+000  1.1913265e+000  4.6185085e-001  5.2501908e-001  1.3157424e+000  2.3551586e+000  3.0989409e+000  3.2505991e+000  2.8488099e+000  2.1438365e+000  1.4090741e+000  8.1802713e-001  4.2274383e-001  1.9557159e-001  8.1334602e-002  3.0505764e-002
 -3.5622061e-002 -9.1279154e-002 -2.1185982e-001 -4.4304825e-001 -8.2936661e-001 -1.3777454e+000 -2.0056388e+000 -2.5070803e+000 -2.5903595e+000 -2.0188186e+000 -8.0523984e-001  6.8161343e-001  1.8398536e+000  2.1780558e+000  1.6616125e+000  7.7852208e-001  2.3159009e-001  4.7090052e-001  1.4191349e+000  2.5762175e+000  3.3801196e+000  3.5323865e+000  3.0871431e+000  2.3187739e+000  1.5221445e+000  8.8295902e-001  4.5607393e-001  2.1093152e-001  8.7710780e-002  3.2896229e-002
 -3.6520549e-002 -9.3957789e-002 -2.1914677e-001 -4.6112418e-001 -8.7021853e-001 -1.4617766e+000 -2.1627649e+000 -2.7737505e+000 -3.0003647e+000 -2.5885007e+000 -1.5182883e+000 -1.1894246e-001  1.0384007e+000  1.4686926e+000  1.1136776e+000  4.1687825e-001  3.5244503e-002  3.8992293e-001  1.3987759e+000  2.5754064e+000  3.3778124e+000  3.5235572e+000  3.0746965e+000  2.3069011e+000  1.5132414e+000  8.7738133e-001  4.5306321e-001  2.0950616e-001  8.7112257e-002  3.2671629e-002
 -3.4066126e-002 -8.7863597e-002 -2.0555592e-001 -4.3416899e-001 -8.2337876e-001 -1.3922918e+000 -2.0794934e+000 -2.7056733e+000 -2.9987694e+000 -2.7147558e+000 -1.8155723e+000 -5.7970552e-001  4.8662188e-001  9.4119762e-001  7.1538319e-001  1.8881469e-001 -6.3290045e-002  3.2860192e-001  1.2869788e+000  2.3744855e+000  3.1063561e+000  3.2333349e+000  2.8171947e+000  2.1115894e+000  1.3842204e+000  8.0223814e-001  4.1415227e-001  1.9148339e-001  7.9612052e-002  2.9857810e-002
 -2.8976754e-002 -7.4835459e-002 -1.7534647e-001 -3.7104753e-001 -7.0528717e-001 -1.1961153e+000 -1.7935189e+000 -2.3465366e+000 -2.6226715e+000 -2.4085956e+000 -1.6611571e+000 -6.0452783e-001  3.3896758e-001  7.9047443e-001  6.7597837e-001  2.9525920e-001  1.1751037e-001  4.4940521e-001  1.2321824e+000  2.1103255e+000  2.6882882e+000  2.7643363e+000  2.3931619e+000  1.7871319e+000  1.1688638e+000  6.7643605e-001  3.4886877e-001  1.6119341e-001  6.6988192e-002  2.5115450e-002
 -2.2450295e-002 -5.7955372e-002 -1.3569470e-001 -2.8679090e-001 -5.4403996e-001 -9.1956949e-001 -1.3709070e+000 -1.7747819e+000 -1.9422693e+000 -1.6987157e+000 -1.0049465e+000 -3.8101942e-002  8.5783524e-001  1.3601155e+000  1.3773475e+000  1.1150728e+000  9.2828138e-001  1.0678268e+000  1.5174773e+000  2.0354179e+000  2.3417924e+000  2.2939126e+000  1.9353022e+000  1.4238197e+000  9.2271760e-001  5.3081379e-001  2.7266493e-001  1.2563041e-001  5.2104047e-002  1.9506226e-002
 -1.5753718e-002 -4.0506838e-002 -9.4319606e-002 -1.9778039e-001 -3.7083700e-001 -6.1557321e-001 -8.9069519e-001 -1.0924756e+000 -1.0676368e+000 -6.7622240e-001  1.1256482e-001  1.1529612e+000  2.1536059e+000  2.8183121e+000  3.0143875e+000  2.8432847e+000  2.5533354e+000  2.3611819e+000  2.3207907e+000  2.3291190e+000  2.2387053e+000  1.9727358e+000  1.5624252e+000  1.1054310e+000  6.9860165e-001  3.9520330e-001  2.0067221e-001  9.1704545e-002  3.7807370e-002  1.4091324e-002
 -9.8907236e-003 -2.5140475e-002 -5.7607746e-002 -1.1802459e-001 -2.1359982e-001 -3.3463811e-001 -4.3581475e-001 -4.2341839e-001 -1.6767726e-001  4.4610824e-001  1.4396752e+000  2.6828908e+000  3.9088372e+000  4.8183899e+000  5.2205474e+000  5.1155429e+000  4.6636280e+000  4.0693272e+000  3.4713349e+000  2.9092710e+000  2.3658173e+000  1.8279805e+000  1.3158605e+000  8.7028271e-001  5.2453062e-001  2.8691680e-001  1.4220220e-001  6.3842425e-002  2.5975213e-002  9.5849805e-003
 -5.4262080e-003 -1.3408226e-002 -2.9484099e-002 -5.6663163e-002 -9.1945026e-002 -1.1565158e-001 -7.7683153e-002  1.1041047e-001  5.6302774e-001  1.3772366e+000  2.5671382e+000  4.0103967e+000  5.4514406e+000  6.5803048e+000  7.1545200e+000  7.0942737e+000  6.4948089e+000  5.5574278e+000  4.4929109e+000  3.4562406e+000  2.5336348e+000  1.7625663e+000  1.1545263e+000  7.0575564e-001  3.9942264e-001  2.0799869e-001  9.9237190e-002  4.3259814e-002  1.7202724e-002  6.2352977e-003
 -2.4738947e-003 -5.6840984e-003 -1.1076361e-002 -1.6814706e-002 -1.3784989e-002  2.2964315e-002  1.4433228e-001  4.3178400e-001  9.8538638e-001  1.8871279e+000  3.1455700e+000  4.6480792e+000  6.1568216e+000  7.3687018e+000  8.0208089e+000  7.9886572e+000  7.3243242e+000  6.2186491e+000  4.9169966e+000  3.6374457e+000  2.5250756e+000  1.6461921e+000  1.0064929e+000  5.7532909e-001  3.0622216e-001  1.5112228e-001  6.8881960e-002  2.8904280e-002  1.1137985e-002  3.9340279e-003
 -8.1050490e-004 -1.4172999e-003 -1.1749452e-003  3.8443216e-003  2.4656756e-002  8.5999459e-002  2.3362155e-001  5.3682818e-001  1.0780113e+000  1.9230650e+000  3.0769204e+000  4.4436970e+000  5.8197794e+000  6.9383521e+000  7.5556106e+000  7.5397135e+000  6.9168385e+000  5.8521554e+000  4.5805756e+000  3.3260877e+000  2.2456306e+000  1.4118224e+000  8.2698823e-001  4.5114799e-001  2.2892719e-001  1.0785236e-001  4.7072763e-002  1.8990756e-002  7.0668880e-003  2.4211211e-003
 -5.1249680e-005  4.1789078e-004  2.7246120e-003  1.0910847e-002  3.4831204e-002  9.4937344e-002  2.2727494e-001  4.8481762e-001  9.2933348e-001  1.6094803e+000  2.5279717e+000  3.6114726e+000  4.7037785e+000  5.5970313e+000  6.0960805e+000  6.0888191e+000  5.5873381e+000  4.7191304e+000  3.6752165e+000  2.6436453e+000  1.7590467e+000  1.0840189e+000  6.1922707e-001  3.2801545e-001  1.6111941e-001  7.3350236e-002  3.0923667e-002  1.2059825e-002  4.3452382e-003  1.4446157e-003
  1.8782502e-004  8.7245708e-004  3.2724885e-003  1.0544046e-002  2.9950641e-002  7.6004804e-002  1.7364001e-001  3.5887788e-001  6.7324507e-001  1.1491551e+000  1.7880337e+000  2.5399890e+000  3.2985776e+000  3.9209280e+000  4.2709035e+000  4.2678456e+000  3.9168840e+000  3.3052029e+000  2.5671800e+000  1.8372749e+000  1.2127734e+000  7.3901399e-001  4.1601234e-001  2.1645604e-001  1.0413012e-001  4.6318816e-002  1.9047770e-002  7.2389825e-003  2.5411154e-003  8.2337394e-004
  1.9284341e-004  7.3674909e-004  2.4829345e-003  7.4831876e-003  2.0325526e-002  4.9992010e-002  1.1169406e-001  2.2718979e-001  4.2139276e-001  7.1364070e-001  1.1046437e+000  1.5642557e+000  2.0281006e+000  2.4093355e+000  2.6245077e+000  2.6233222e+000  2.4077776e+000  2.0307108e+000  1.5748877e+000  1.1238718e+000  7.3846971e-001  4.4705425e-001  2.4947882e-001  1.2839557e-001  6.0962272e-002  2.6709609e-002  1.0799776e-002  4.0298874e-003  1.3875200e-003  4.4070088e-004
  1.2963251e-004  4.6464861e-004  1.5002744e-003  4.3869681e-003  1.1656547e-002  2.8207769e-002  6.2266461e-002  1.2552803e-001  2.3132837e-001  3.8998282e-001  6.0182337e-001  8.5064223e-001  1.1018095e+000  1.3084677e+000  1.4253599e+000  1.4249372e+000  1.3079145e+000  1.1027502e+000  8.5445488e-001  6.0871240e-001  3.9887546e-001  2.4051755e-001  1.3350873e-001  6.8246123e-002  3.2135287e-002  1.3942070e-002  5.5742893e-003  2.0540652e-003  6.9761349e-004  2.1836021e-004
  7.0010916e-005  2.4357040e-004  7.6959156e-004  2.2142860e-003  5.8119531e-003  1.3933834e-002  3.0540731e-002  6.1242909e-002  1.1242079e-001  1.8899876e-001  2.9112103e-001  4.1101160e-001  5.3205057e-001  6.3170688e-001  6.8815081e-001  6.8801227e-001  6.3152610e-001  5.3236103e-001  4.1226587e-001  2.9338602e-001  1.9192183e-001  1.1544098e-001  6.3865729e-002  3.2505833e-002  1.5224499e-002  6.5630082e-003  2.6044503e-003  9.5156988e-004  3.2012305e-004  9.9166763e-005
  3.2235360e-005  1.1032851e-004  3.4431128e-004  9.8128533e-004  2.5567279e-003  6.0947155e-003  1.3300058e-002  2.6581665e-002  4.8674469e-002  8.1686242e-002  1.2567471e-001  1.7730073e-001  2.2942587e-001  2.7236100e-001  2.9669960e-001  2.9665788e-001  2.7230667e-001  2.2951979e-001  1.7767934e-001  1.2635816e-001  8.2568126e-002  4.9585583e-002  2.7372868e-002  1.3892836e-002  6.4840401e-003  2.7832777e-003  1.0989741e-003  3.9920259e-004  1.3341944e-004  4.1029727e-005
